0.167
0.084
0.055
0.029
0.156
0.078
0.055
0.029
0.136
0.068
0.055
0.029
0.111
0.056
0.055
0.029
0.106
0.053
0.055
0.029
0.128
0.064
0.055
0.128
0.161
0.081
0.25
0.249
0.178
0.089
0.25
0.25
0.195
0.097
0.25
0.25
0.195
0.097
0.112
0.128
0.192
0.192
0.25
0.25
0.181
0.181
0.25
0.25
0.172
0.172
0.25
0.25
0.172
0.172
0.25
0.25
0.167
0.084
0.25
0.249
0.192
0.228
0.25
0.25
0.222
0.25
0.055
0.25
0.233
0.202
0.055
0.128
0.25
0.202
0.055
0.25
0.228
0.176
0.055
0.25
0.217
0.108
0.055
0.25
0.195
0.097
0.055
0.25
0.178
0.089
0.055
0.178
0.167
0.084
0.055
0.029