73.33985705923837
[12, 13, 14]
---------------------------------------------

86.6599930452162
[11, 12, 13]
---------------------------------------------

77.47244705569013
[10, 12, 14]
---------------------------------------------

105.07921077326169
[10, 12, 13]
---------------------------------------------

88.72347801819272
[10, 11, 12]
---------------------------------------------

84.27045922422045
[9, 12, 14]
---------------------------------------------

128.74073121330807
[9, 12, 13]
---------------------------------------------

93.90894774969695
[9, 11, 12]
---------------------------------------------

94.28134468328074
[8, 12, 14]
---------------------------------------------

157.94962931584695
[8, 12, 13]
---------------------------------------------

102.27348284309784
[8, 11, 12]
---------------------------------------------

81.15102064495508
[7, 13, 14]
---------------------------------------------

95.5163984414602
[7, 11, 13]
---------------------------------------------

83.46834565615012
[7, 10, 14]
---------------------------------------------

114.98868148378664
[7, 10, 13]
---------------------------------------------

96.6723237537199
[7, 10, 11]
---------------------------------------------

89.32969968733977
[7, 9, 14]
---------------------------------------------

139.73330832870636
[7, 9, 13]
---------------------------------------------

100.93481885232202
[7, 9, 11]
---------------------------------------------

98.38537931265388
[7, 8, 14]
---------------------------------------------

170.07197438732888
[7, 8, 13]
---------------------------------------------

108.35818377751058
[7, 8, 11]
---------------------------------------------

104.2557241999473
[6, 13, 14]
---------------------------------------------

86.86663212176478
[6, 12, 14]
---------------------------------------------

120.7214276824028
[6, 11, 13]
---------------------------------------------

96.02037582574076
[6, 11, 12]
---------------------------------------------

138.22715750653856
[6, 10, 14]
---------------------------------------------

142.37817487977148
[6, 10, 13]
---------------------------------------------

172.95582282869606
[6, 10, 12]
---------------------------------------------

138.26384701814723
[6, 10, 11]
---------------------------------------------

162.14035968361523
[6, 9, 14]
---------------------------------------------

169.36579332724557
[6, 9, 13]
---------------------------------------------

206.95249335832312
[6, 9, 12]
---------------------------------------------

160.37743425655086
[6, 9, 11]
---------------------------------------------

190.89183901543487
[6, 8, 14]
---------------------------------------------

201.9661945596864
[6, 8, 13]
---------------------------------------------

244.6320209988383
[6, 8, 12]
---------------------------------------------

187.2753266643153
[6, 8, 11]
---------------------------------------------

89.3317380545112
[6, 7, 14]
---------------------------------------------

100.9205466084489
[6, 7, 11]
---------------------------------------------

159.53674081434409
[6, 7, 10]
---------------------------------------------

191.05209953963455
[6, 7, 9]
---------------------------------------------

228.06787454036734
[6, 7, 8]
---------------------------------------------

119.62533513968819
[5, 13, 14]
---------------------------------------------

96.23152984889248
[5, 12, 14]
---------------------------------------------

137.14560115500123
[5, 11, 13]
---------------------------------------------

103.94032621540272
[5, 11, 12]
---------------------------------------------

157.79037788371798
[5, 10, 14]
---------------------------------------------

159.91910069264614
[5, 10, 13]
---------------------------------------------

204.16728079574636
[5, 10, 12]
---------------------------------------------

156.81083274113888
[5, 10, 11]
---------------------------------------------

183.91254899658887
[5, 9, 14]
---------------------------------------------

188.04992270345426
[5, 9, 13]
---------------------------------------------

239.93631220508516
[5, 9, 12]
---------------------------------------------

181.0893777320203
[5, 9, 11]
---------------------------------------------

214.93861950972004
[5, 8, 14]
---------------------------------------------

221.8342088697986
[5, 8, 13]
---------------------------------------------

279.0640766857644
[5, 8, 12]
---------------------------------------------

210.22105987166165
[5, 8, 11]
---------------------------------------------

97.02463247888205
[5, 7, 14]
---------------------------------------------

107.19008207679998
[5, 7, 11]
---------------------------------------------

188.1254185140703
[5, 7, 10]
---------------------------------------------

223.0840915875354
[5, 7, 9]
---------------------------------------------

261.27239712625413
[5, 7, 8]
---------------------------------------------

65.80521550749843
[4, 12, 13]
---------------------------------------------

77.55862088306915
[4, 10, 12]
---------------------------------------------

90.2501099893885
[4, 9, 12]
---------------------------------------------

106.28399179569557
[4, 8, 12]
---------------------------------------------

70.20906059518714
[4, 7, 13]
---------------------------------------------

76.78458821001952
[4, 7, 10]
---------------------------------------------

88.48930225444946
[4, 7, 9]
---------------------------------------------

103.51681839496536
[4, 7, 8]
---------------------------------------------

86.32437574755664
[4, 6, 13]
---------------------------------------------

94.6132380680498
[4, 6, 12]
---------------------------------------------

170.93636717127666
[4, 6, 10]
---------------------------------------------

201.69692546827957
[4, 6, 9]
---------------------------------------------

236.9798086848904
[4, 6, 8]
---------------------------------------------

88.49511675384456
[4, 6, 7]
---------------------------------------------

98.08735653271722
[4, 5, 13]
---------------------------------------------

109.25152921672989
[4, 5, 12]
---------------------------------------------

194.53684180487792
[4, 5, 10]
---------------------------------------------

227.46857367356975
[4, 5, 9]
---------------------------------------------

263.5710408992575
[4, 5, 8]
---------------------------------------------

101.37745309263477
[4, 5, 7]
---------------------------------------------

84.79721112209413
[3, 12, 13]
---------------------------------------------

100.61546203158738
[3, 10, 12]
---------------------------------------------

116.45190992353591
[3, 9, 12]
---------------------------------------------

135.7009108261459
[3, 8, 12]
---------------------------------------------

87.58847126140404
[3, 7, 13]
---------------------------------------------

96.43069078605875
[3, 7, 10]
---------------------------------------------

111.25165510962823
[3, 7, 9]
---------------------------------------------

129.4660213692522
[3, 7, 8]
---------------------------------------------

100.36496695515638
[3, 6, 13]
---------------------------------------------

121.75999727024073
[3, 6, 12]
---------------------------------------------

206.44572070267495
[3, 6, 10]
---------------------------------------------

238.82459735387127
[3, 6, 9]
---------------------------------------------

274.76564171626603
[3, 6, 8]
---------------------------------------------

111.23502368520303
[3, 6, 7]
---------------------------------------------

110.41614187149497
[3, 5, 13]
---------------------------------------------

139.21080257611766
[3, 5, 12]
---------------------------------------------

230.89577103044851
[3, 5, 10]
---------------------------------------------

264.926762970759
[3, 5, 9]
---------------------------------------------

302.1061100731649
[3, 5, 8]
---------------------------------------------

126.8787011628329
[3, 5, 7]
---------------------------------------------

133.0521115603766
[2, 13, 14]
---------------------------------------------

171.45749243678804
[2, 12, 13]
---------------------------------------------

160.03558771274123
[2, 11, 13]
---------------------------------------------

157.3364327620084
[2, 10, 14]
---------------------------------------------

193.8328945118046
[2, 10, 13]
---------------------------------------------

195.95676591841658
[2, 10, 12]
---------------------------------------------

173.36840102585117
[2, 10, 11]
---------------------------------------------

174.37916196007473
[2, 9, 14]
---------------------------------------------

231.62191035233437
[2, 9, 13]
---------------------------------------------

217.89301679124546
[2, 9, 12]
---------------------------------------------

189.99825653189612
[2, 9, 11]
---------------------------------------------

194.86061366059585
[2, 8, 14]
---------------------------------------------

273.7452927667112
[2, 8, 13]
---------------------------------------------

242.9751503251016
[2, 8, 12]
---------------------------------------------

210.03962557855843
[2, 8, 11]
---------------------------------------------

201.85866070927352
[2, 7, 13]
---------------------------------------------

216.17610544399875
[2, 7, 10]
---------------------------------------------

238.09843842646717
[2, 7, 9]
---------------------------------------------

263.37586240714523
[2, 7, 8]
---------------------------------------------

252.779234543326
[2, 6, 14]
---------------------------------------------

271.523987112422
[2, 6, 13]
---------------------------------------------

225.0356778061778
[2, 6, 12]
---------------------------------------------

273.37197108828116
[2, 6, 11]
---------------------------------------------

238.0534432424361
[2, 6, 7]
---------------------------------------------

278.76140570429317
[2, 5, 14]
---------------------------------------------

311.1257020413156
[2, 5, 13]
---------------------------------------------

247.4864091763508
[2, 5, 12]
---------------------------------------------

299.1951547424506
[2, 5, 11]
---------------------------------------------

259.83365738991426
[2, 5, 7]
---------------------------------------------

90.18993049465962
[2, 4, 13]
---------------------------------------------

134.64188050789573
[2, 4, 10]
---------------------------------------------

153.57729234277562
[2, 4, 9]
---------------------------------------------

175.970365163339
[2, 4, 8]
---------------------------------------------

205.6260162724128
[2, 4, 6]
---------------------------------------------

231.88105116791692
[2, 4, 5]
---------------------------------------------

97.59766082171758
[2, 3, 13]
---------------------------------------------

142.2013712999357
[2, 3, 10]
---------------------------------------------

162.25147374192713
[2, 3, 9]
---------------------------------------------

185.78679299169792
[2, 3, 8]
---------------------------------------------

199.14346619851327
[2, 3, 6]
---------------------------------------------

224.33328407116414
[2, 3, 5]
---------------------------------------------

176.27246380940142
[1, 13, 14]
---------------------------------------------

236.728492154614
[1, 12, 13]
---------------------------------------------

207.9387868917298
[1, 11, 13]
---------------------------------------------

204.9580921244366
[1, 10, 14]
---------------------------------------------

244.13180211207268
[1, 10, 13]
---------------------------------------------

263.51054197819235
[1, 10, 12]
---------------------------------------------

223.20410271066922
[1, 10, 11]
---------------------------------------------

224.23643226446666
[1, 9, 14]
---------------------------------------------

284.6880260453915
[1, 9, 13]
---------------------------------------------

287.427622649666
[1, 9, 12]
---------------------------------------------

241.55435776414024
[1, 9, 11]
---------------------------------------------

246.98620858955715
[1, 8, 14]
---------------------------------------------

329.67741139353615
[1, 8, 13]
---------------------------------------------

314.68639110057666
[1, 8, 12]
---------------------------------------------

263.1426141440092
[1, 8, 11]
---------------------------------------------

270.3711777382659
[1, 7, 13]
---------------------------------------------

286.1631007484028
[1, 7, 10]
---------------------------------------------

310.2478112552659
[1, 7, 9]
---------------------------------------------

337.76159575148205
[1, 7, 8]
---------------------------------------------

321.57592336165806
[1, 6, 14]
---------------------------------------------

347.4147818338579
[1, 6, 13]
---------------------------------------------

295.1572708578944
[1, 6, 12]
---------------------------------------------

343.45971788501765
[1, 6, 11]
---------------------------------------------

310.2003452501788
[1, 6, 7]
---------------------------------------------

350.1544693575557
[1, 5, 14]
---------------------------------------------

390.91016250346394
[1, 5, 13]
---------------------------------------------

319.6013934024677
[1, 5, 12]
---------------------------------------------

372.12137171502053
[1, 5, 11]
---------------------------------------------

333.9090126297448
[1, 5, 7]
---------------------------------------------

118.24749779276583
[1, 4, 13]
---------------------------------------------

174.31850274544627
[1, 4, 10]
---------------------------------------------

195.48994653946636
[1, 4, 9]
---------------------------------------------

220.15140175424875
[1, 4, 8]
---------------------------------------------

270.2922946927308
[1, 4, 6]
---------------------------------------------

298.4428728832316
[1, 4, 5]
---------------------------------------------

118.64782238241764
[1, 3, 13]
---------------------------------------------

178.36766400362563
[1, 3, 10]
---------------------------------------------

200.64409193874016
[1, 3, 9]
---------------------------------------------

226.435533804968
[1, 3, 8]
---------------------------------------------

260.0806395863241
[1, 3, 6]
---------------------------------------------

288.51161582483905
[1, 3, 5]
---------------------------------------------

Minimum losses for current step: 65.80521550749843
Total load: 5608.859177775226