118.39954578041076
[12, 13, 14]
---------------------------------------------

139.96997516111853
[11, 12, 13]
---------------------------------------------

135.65079494309276
[10, 12, 14]
---------------------------------------------

188.03911906517095
[10, 12, 13]
---------------------------------------------

148.46160442103155
[10, 11, 12]
---------------------------------------------

169.19821694140327
[9, 12, 14]
---------------------------------------------

262.7456261458972
[9, 12, 13]
---------------------------------------------

173.2632197944791
[9, 11, 12]
---------------------------------------------

220.1409097989342
[8, 12, 14]
---------------------------------------------

354.5007309845516
[8, 12, 13]
---------------------------------------------

215.01898932017826
[8, 11, 12]
---------------------------------------------

129.82422656958124
[7, 13, 14]
---------------------------------------------

156.04208476060055
[7, 11, 13]
---------------------------------------------

138.57641629780912
[7, 10, 14]
---------------------------------------------

209.02628416768994
[7, 10, 13]
---------------------------------------------

160.3619786052628
[7, 10, 11]
---------------------------------------------

167.64217620113135
[7, 9, 14]
---------------------------------------------

287.0853756497141
[7, 9, 13]
---------------------------------------------

180.82799601923188
[7, 9, 11]
---------------------------------------------

213.8911106515026
[7, 8, 14]
---------------------------------------------

381.87257036944493
[7, 8, 13]
---------------------------------------------

218.04417668645803
[7, 8, 11]
---------------------------------------------

182.3371947702037
[6, 13, 14]
---------------------------------------------

180.6916027141016
[6, 12, 14]
---------------------------------------------

218.25386275662535
[6, 11, 13]
---------------------------------------------

182.377509048577
[6, 11, 12]
---------------------------------------------

286.1854675442403
[6, 10, 14]
---------------------------------------------

281.592929904712
[6, 10, 13]
---------------------------------------------

367.61423520955304
[6, 10, 12]
---------------------------------------------

272.871761534199
[6, 10, 11]
---------------------------------------------

367.4136667010812
[6, 9, 14]
---------------------------------------------

365.07166278348194
[6, 9, 13]
---------------------------------------------

466.25668725934463
[6, 9, 12]
---------------------------------------------

349.9811592882231
[6, 9, 11]
---------------------------------------------

465.52179682229365
[6, 8, 14]
---------------------------------------------

466.56058376162963
[6, 8, 13]
---------------------------------------------

582.3845005937736
[6, 8, 12]
---------------------------------------------

443.1389367511859
[6, 8, 11]
---------------------------------------------

167.59173763652606
[6, 7, 14]
---------------------------------------------

180.716860692205
[6, 7, 11]
---------------------------------------------

329.3260367875701
[6, 7, 10]
---------------------------------------------

423.0068872443172
[6, 7, 9]
---------------------------------------------

534.6183295219352
[6, 7, 8]
---------------------------------------------

223.97931809547825
[5, 13, 14]
---------------------------------------------

221.7440213761339
[5, 12, 14]
---------------------------------------------

265.0210728103307
[5, 11, 13]
---------------------------------------------

216.30311118502792
[5, 11, 12]
---------------------------------------------

344.8934573290171
[5, 10, 14]
---------------------------------------------

332.8430685719449
[5, 10, 13]
---------------------------------------------

448.370461879153
[5, 10, 12]
---------------------------------------------

329.8174992550399
[5, 10, 11]
---------------------------------------------

431.95630186579024
[5, 9, 14]
---------------------------------------------

419.30779986205977
[5, 9, 13]
---------------------------------------------

555.1412263891623
[5, 9, 12]
---------------------------------------------

412.27794139999133
[5, 9, 11]
---------------------------------------------

535.5853074850336
[5, 8, 14]
---------------------------------------------

524.2833778064858
[5, 8, 13]
---------------------------------------------

678.0195502738476
[5, 8, 12]
---------------------------------------------

510.5455560732619
[5, 8, 11]
---------------------------------------------

201.32675951270596
[5, 7, 14]
---------------------------------------------

207.61506773652715
[5, 7, 11]
---------------------------------------------

405.08803712582596
[5, 7, 10]
---------------------------------------------

507.172892161324
[5, 7, 9]
---------------------------------------------

626.1293369726725
[5, 7, 8]
---------------------------------------------

135.306570979203
[4, 12, 13]
---------------------------------------------

166.8819293209374
[4, 10, 12]
---------------------------------------------

214.7305555939636
[4, 9, 12]
---------------------------------------------

280.8293002444181
[4, 8, 12]
---------------------------------------------

140.08937092649666
[4, 7, 13]
---------------------------------------------

156.10098587917574
[4, 7, 10]
---------------------------------------------

199.21230559328504
[4, 7, 9]
---------------------------------------------

260.32686538289227
[4, 7, 8]
---------------------------------------------

178.60768050044706
[4, 6, 13]
---------------------------------------------

230.1290461751217
[4, 6, 12]
---------------------------------------------

339.9583890691076
[4, 6, 10]
---------------------------------------------

428.64370896216764
[4, 6, 9]
---------------------------------------------

533.912507448788
[4, 6, 8]
---------------------------------------------

199.0535087776794
[4, 6, 7]
---------------------------------------------

212.80865423726746
[4, 5, 13]
---------------------------------------------

282.8635918207213
[4, 5, 12]
---------------------------------------------

401.8047805863018
[4, 5, 10]
---------------------------------------------

496.7289876527456
[4, 5, 9]
---------------------------------------------

606.5603939484221
[4, 5, 8]
---------------------------------------------

244.08165889102287
[4, 5, 7]
---------------------------------------------

166.70519001832614
[3, 12, 13]
---------------------------------------------

205.8995540737722
[3, 10, 12]
---------------------------------------------

261.39640778925235
[3, 9, 12]
---------------------------------------------

334.6342746451328
[3, 8, 12]
---------------------------------------------

168.26470278111492
[3, 7, 13]
---------------------------------------------

188.19468674728557
[3, 7, 10]
---------------------------------------------

238.80977149615404
[3, 7, 9]
---------------------------------------------

307.77049378079676
[3, 7, 8]
---------------------------------------------

200.1031646725174
[3, 6, 13]
---------------------------------------------

278.90315211227653
[3, 6, 12]
---------------------------------------------

381.180635586719
[3, 6, 10]
---------------------------------------------

473.55436011513115
[3, 6, 9]
---------------------------------------------

581.7959990523138
[3, 6, 8]
---------------------------------------------

238.6879128245779
[3, 6, 7]
---------------------------------------------

230.83181372375435
[3, 5, 13]
---------------------------------------------

336.8666805343106
[3, 5, 12]
---------------------------------------------

444.7569414103748
[3, 5, 10]
---------------------------------------------

542.9729548815859
[3, 5, 9]
---------------------------------------------

655.7645379100244
[3, 5, 8]
---------------------------------------------

289.7219482360593
[3, 5, 7]
---------------------------------------------

210.46441583029312
[2, 13, 14]
---------------------------------------------

275.8286169941219
[2, 12, 13]
---------------------------------------------

271.63488194842216
[2, 11, 13]
---------------------------------------------

274.5602132809328
[2, 10, 14]
---------------------------------------------

356.04580394139333
[2, 10, 13]
---------------------------------------------

327.1782953480541
[2, 10, 12]
---------------------------------------------

307.3129130960272
[2, 10, 11]
---------------------------------------------

331.5929381795267
[2, 9, 14]
---------------------------------------------

462.60282655851995
[2, 9, 13]
---------------------------------------------

392.13381937914534
[2, 9, 12]
---------------------------------------------

359.80505723104926
[2, 9, 11]
---------------------------------------------

406.3206106416651
[2, 8, 14]
---------------------------------------------

589.3292608547343
[2, 8, 13]
---------------------------------------------

471.805697816923
[2, 8, 12]
---------------------------------------------

429.72717502213413
[2, 8, 11]
---------------------------------------------

339.80067600570294
[2, 7, 13]
---------------------------------------------

368.42838310354034
[2, 7, 10]
---------------------------------------------

434.14996953507546
[2, 7, 9]
---------------------------------------------

513.8334975168693
[2, 7, 8]
---------------------------------------------

439.1860086665921
[2, 6, 14]
---------------------------------------------

504.4458941755225
[2, 6, 13]
---------------------------------------------

411.64615441230234
[2, 6, 12]
---------------------------------------------

483.3807364251665
[2, 6, 11]
---------------------------------------------

433.7240753492074
[2, 6, 7]
---------------------------------------------

507.2699206262854
[2, 5, 14]
---------------------------------------------

604.2746683261597
[2, 5, 13]
---------------------------------------------

473.57507693111455
[2, 5, 12]
---------------------------------------------

551.9251089520033
[2, 5, 11]
---------------------------------------------

494.0305226956183
[2, 5, 7]
---------------------------------------------

178.58898765986558
[2, 4, 13]
---------------------------------------------

259.55360374719413
[2, 4, 10]
---------------------------------------------

322.5013004523648
[2, 4, 9]
---------------------------------------------

401.92212328702897
[2, 4, 8]
---------------------------------------------

400.3191708017411
[2, 4, 6]
---------------------------------------------

466.4796589840872
[2, 4, 5]
---------------------------------------------

191.96704259028533
[2, 3, 13]
---------------------------------------------

271.358272980644
[2, 3, 10]
---------------------------------------------

335.99843822131555
[2, 3, 9]
---------------------------------------------

415.07994435180825
[2, 3, 8]
---------------------------------------------

394.6373734451635
[2, 3, 6]
---------------------------------------------

459.6018824252785
[2, 3, 5]
---------------------------------------------

259.9500487501895
[1, 13, 14]
---------------------------------------------

347.64389678637656
[1, 12, 13]
---------------------------------------------

327.3619067822333
[1, 11, 13]
---------------------------------------------

331.9584659536278
[1, 10, 14]
---------------------------------------------

417.43464034472277
[1, 10, 13]
---------------------------------------------

403.1964086199357
[1, 10, 12]
---------------------------------------------

366.76656987496347
[1, 10, 11]
---------------------------------------------

392.6139651912185
[1, 9, 14]
---------------------------------------------

529.664656465527
[1, 9, 13]
---------------------------------------------

473.1416914253729
[1, 9, 12]
---------------------------------------------

422.85122091586175
[1, 9, 11]
---------------------------------------------

470.40292096999167
[1, 8, 14]
---------------------------------------------

660.3337228481687
[1, 8, 13]
---------------------------------------------

555.5093136120835
[1, 8, 12]
---------------------------------------------

496.6905447199062
[1, 8, 11]
---------------------------------------------

418.2897207509402
[1, 7, 13]
---------------------------------------------

449.4568229197862
[1, 7, 10]
---------------------------------------------

519.5986129013327
[1, 7, 9]
---------------------------------------------

602.2912689822186
[1, 7, 8]
---------------------------------------------

521.2070051239567
[1, 6, 14]
---------------------------------------------

596.6051198829992
[1, 6, 13]
---------------------------------------------

492.7989843437829
[1, 6, 12]
---------------------------------------------

568.6568226018105
[1, 6, 11]
---------------------------------------------

519.3097459134206
[1, 6, 7]
---------------------------------------------

592.470634051852
[1, 5, 14]
---------------------------------------------

701.7836202942825
[1, 5, 13]
---------------------------------------------

557.1479799316413
[1, 5, 12]
---------------------------------------------

640.3151948720961
[1, 5, 11]
---------------------------------------------

581.6997159744236
[1, 5, 7]
---------------------------------------------

212.82272289293857
[1, 4, 13]
---------------------------------------------

311.38197468996407
[1, 4, 10]
---------------------------------------------

379.45740937022873
[1, 4, 9]
---------------------------------------------

460.9797819561464
[1, 4, 8]
---------------------------------------------

475.7356974958406
[1, 4, 6]
---------------------------------------------

545.6333211494032
[1, 4, 5]
---------------------------------------------

219.16914989238032
[1, 3, 13]
---------------------------------------------

319.53267743823653
[1, 3, 10]
---------------------------------------------

387.721558302378
[1, 3, 9]
---------------------------------------------

469.74026953763774
[1, 3, 8]
---------------------------------------------

466.34102638440686
[1, 3, 6]
---------------------------------------------

535.1994955143505
[1, 3, 5]
---------------------------------------------

Minimum losses for current step: 118.39954578041076
Total load: 8169.64371403205