109.19465283435254
[12, 13, 14]
---------------------------------------------

128.48948867443949
[11, 12, 13]
---------------------------------------------

124.43253550039172
[10, 12, 14]
---------------------------------------------

174.12560413956317
[10, 12, 13]
---------------------------------------------

135.98878783350875
[10, 11, 12]
---------------------------------------------

156.91449580763654
[9, 12, 14]
---------------------------------------------

246.884787091331
[9, 12, 13]
---------------------------------------------

159.75998770488076
[9, 11, 12]
---------------------------------------------

206.73701075913164
[8, 12, 14]
---------------------------------------------

337.3013312874313
[8, 12, 13]
---------------------------------------------

200.43550983322467
[8, 11, 12]
---------------------------------------------

119.25458169873774
[7, 13, 14]
---------------------------------------------

142.88307336406305
[7, 11, 13]
---------------------------------------------

126.52402128011532
[7, 10, 14]
---------------------------------------------

193.0982028787763
[7, 10, 13]
---------------------------------------------

146.46929213161658
[7, 10, 11]
---------------------------------------------

154.80419291160348
[7, 9, 14]
---------------------------------------------

269.5143198767353
[7, 9, 13]
---------------------------------------------

166.176295978693
[7, 9, 11]
---------------------------------------------

200.22646518391156
[7, 8, 14]
---------------------------------------------

362.58103696696827
[7, 8, 13]
---------------------------------------------

202.59519997746176
[7, 8, 11]
---------------------------------------------

165.4901237698988
[6, 13, 14]
---------------------------------------------

167.38568263071284
[6, 12, 14]
---------------------------------------------

198.1353686052154
[6, 11, 13]
---------------------------------------------

168.01807016879607
[6, 11, 12]
---------------------------------------------

262.4662463504568
[6, 10, 14]
---------------------------------------------

257.9614782459963
[6, 10, 13]
---------------------------------------------

338.9993318138904
[6, 10, 12]
---------------------------------------------

249.19595003937755
[6, 10, 11]
---------------------------------------------

341.9822040836554
[6, 9, 14]
---------------------------------------------

339.7985844693982
[6, 9, 13]
---------------------------------------------

434.7362533384141
[6, 9, 12]
---------------------------------------------

323.85227127140087
[6, 9, 11]
---------------------------------------------

437.66901362534315
[6, 8, 14]
---------------------------------------------

439.1950847297015
[6, 8, 13]
---------------------------------------------

548.0738838848108
[6, 8, 12]
---------------------------------------------

414.608756209329
[6, 8, 11]
---------------------------------------------

154.7321609190797
[6, 7, 14]
---------------------------------------------

166.06362103840786
[6, 7, 11]
---------------------------------------------

303.6868755867772
[6, 7, 10]
---------------------------------------------

394.6764060006004
[6, 7, 9]
---------------------------------------------

503.6008317390764
[6, 7, 8]
---------------------------------------------

202.11843806127396
[5, 13, 14]
---------------------------------------------

204.6842213826522
[5, 12, 14]
---------------------------------------------

239.44274964103224
[5, 11, 13]
---------------------------------------------

198.65692596892382
[5, 11, 12]
---------------------------------------------

316.2833832466611
[5, 10, 14]
---------------------------------------------

304.2216227648692
[5, 10, 13]
---------------------------------------------

412.647596734474
[5, 10, 12]
---------------------------------------------

300.0231056811477
[5, 10, 11]
---------------------------------------------

400.8210642565528
[5, 9, 14]
---------------------------------------------

388.5620807666993
[5, 9, 13]
---------------------------------------------

516.0410253855352
[5, 9, 12]
---------------------------------------------

380.66278273356426
[5, 9, 11]
---------------------------------------------

502.2776707715789
[5, 8, 14]
---------------------------------------------

491.3151632411494
[5, 8, 13]
---------------------------------------------

636.1719004288004
[5, 8, 12]
---------------------------------------------

477.0468819481043
[5, 8, 11]
---------------------------------------------

185.59318720974474
[5, 7, 14]
---------------------------------------------

190.51882851276352
[5, 7, 11]
---------------------------------------------

372.8527452535299
[5, 7, 10]
---------------------------------------------

471.6666312015073
[5, 7, 9]
---------------------------------------------

587.9423351998765
[5, 7, 8]
---------------------------------------------

126.51303843111027
[4, 12, 13]
---------------------------------------------

153.6445039526396
[4, 10, 12]
---------------------------------------------

199.49654421819375
[4, 9, 12]
---------------------------------------------

263.48419250712055
[4, 8, 12]
---------------------------------------------

130.7330301161078
[4, 7, 13]
---------------------------------------------

143.67246140428043
[4, 7, 10]
---------------------------------------------

185.09906555409376
[4, 7, 9]
---------------------------------------------

244.36427143765349
[4, 7, 8]
---------------------------------------------

164.69472964747266
[4, 6, 13]
---------------------------------------------

213.31525119220655
[4, 6, 12]
---------------------------------------------

313.3385335682375
[4, 6, 10]
---------------------------------------------

399.37467037035077
[4, 6, 9]
---------------------------------------------

502.12170439178385
[4, 6, 8]
---------------------------------------------

184.9125482289509
[4, 6, 7]
---------------------------------------------

194.82044546160452
[4, 5, 13]
---------------------------------------------

260.9184176361503
[4, 5, 12]
---------------------------------------------

369.6847089191416
[4, 5, 10]
---------------------------------------------

461.4102855775365
[4, 5, 9]
---------------------------------------------

568.9810200466708
[4, 5, 8]
---------------------------------------------

225.70180738949506
[4, 5, 7]
---------------------------------------------

155.4072751703408
[3, 12, 13]
---------------------------------------------

188.84063460905585
[3, 10, 12]
---------------------------------------------

241.81137943823703
[3, 9, 12]
---------------------------------------------

313.07090925421284
[3, 8, 12]
---------------------------------------------

156.7849493817216
[3, 7, 13]
---------------------------------------------

172.77874307721777
[3, 7, 10]
---------------------------------------------

221.19896657468124
[3, 7, 9]
---------------------------------------------

287.9452834452655
[3, 7, 8]
---------------------------------------------

184.87101871012064
[3, 6, 13]
---------------------------------------------

257.5144273109504
[3, 6, 12]
---------------------------------------------

351.43482199328906
[3, 6, 10]
---------------------------------------------

440.7970288257668
[3, 6, 9]
---------------------------------------------

546.7508845394466
[3, 6, 8]
---------------------------------------------

220.97320476068674
[3, 6, 7]
---------------------------------------------

211.95092298026182
[3, 5, 13]
---------------------------------------------

310.3097266275415
[3, 5, 12]
---------------------------------------------

409.1156024307287
[3, 5, 10]
---------------------------------------------

504.27754419379664
[3, 5, 9]
---------------------------------------------

614.575249695613
[3, 5, 8]
---------------------------------------------

267.0957708978937
[3, 5, 7]
---------------------------------------------

190.14552527390376
[2, 13, 14]
---------------------------------------------

254.99136681147846
[2, 12, 13]
---------------------------------------------

247.9069981022434
[2, 11, 13]
---------------------------------------------

249.1698068343901
[2, 10, 14]
---------------------------------------------

329.248474960465
[2, 10, 13]
---------------------------------------------

299.00474255173145
[2, 10, 12]
---------------------------------------------

281.5372050504304
[2, 10, 11]
---------------------------------------------

304.36655105524636
[2, 9, 14]
---------------------------------------------

433.1466082397439
[2, 9, 13]
---------------------------------------------

361.89445020760763
[2, 9, 12]
---------------------------------------------

331.7181580175717
[2, 9, 11]
---------------------------------------------

376.85250641571525
[2, 8, 14]
---------------------------------------------

557.2635005334541
[2, 8, 13]
---------------------------------------------

440.0075662391135
[2, 8, 12]
---------------------------------------------

399.5450879634436
[2, 8, 11]
---------------------------------------------

313.6191597146584
[2, 7, 13]
---------------------------------------------

337.0751344648794
[2, 7, 10]
---------------------------------------------

400.19955611027336
[2, 7, 9]
---------------------------------------------

478.58971747937386
[2, 7, 8]
---------------------------------------------

403.95951566845196
[2, 6, 14]
---------------------------------------------

464.22769944106085
[2, 6, 13]
---------------------------------------------

379.66028268431296
[2, 6, 12]
---------------------------------------------

446.953009647976
[2, 6, 11]
---------------------------------------------

399.72855281857113
[2, 6, 7]
---------------------------------------------

466.5700191691895
[2, 5, 14]
---------------------------------------------

555.1550974535031
[2, 5, 13]
---------------------------------------------

436.76867459793976
[2, 5, 12]
---------------------------------------------

509.5588299252124
[2, 5, 11]
---------------------------------------------

455.2537753839323
[2, 5, 7]
---------------------------------------------

164.72626510057316
[2, 4, 13]
---------------------------------------------

236.68111086198658
[2, 4, 10]
---------------------------------------------

296.50119728262075
[2, 4, 9]
---------------------------------------------

374.5402612400309
[2, 4, 8]
---------------------------------------------

369.5119694637673
[2, 4, 6]
---------------------------------------------

430.103026984882
[2, 4, 5]
---------------------------------------------

177.70376770487894
[2, 3, 13]
---------------------------------------------

247.42275995598092
[2, 3, 10]
---------------------------------------------

309.60945034816456
[2, 3, 9]
---------------------------------------------

387.27541354101953
[2, 3, 8]
---------------------------------------------

364.4997047820986
[2, 3, 6]
---------------------------------------------

424.0250291195604
[2, 3, 5]
---------------------------------------------

233.60960149385468
[1, 13, 14]
---------------------------------------------

320.5292653038545
[1, 12, 13]
---------------------------------------------

297.9642778659102
[1, 11, 13]
---------------------------------------------

301.25384539700815
[1, 10, 14]
---------------------------------------------

385.1669392055038
[1, 10, 13]
---------------------------------------------

368.53973642528166
[1, 10, 12]
---------------------------------------------

335.4352598895285
[1, 10, 11]
---------------------------------------------

359.9184179948666
[1, 9, 14]
---------------------------------------------

494.2260201788133
[1, 9, 13]
---------------------------------------------

435.7686458518839
[1, 9, 12]
---------------------------------------------

389.12614088836455
[1, 9, 11]
---------------------------------------------

435.6818485052114
[1, 8, 14]
---------------------------------------------

622.7268813120162
[1, 8, 13]
---------------------------------------------

516.4962144999588
[1, 8, 12]
---------------------------------------------

460.6215011234159
[1, 8, 11]
---------------------------------------------

385.6449644216198
[1, 7, 13]
---------------------------------------------

410.64096487582833
[1, 7, 10]
---------------------------------------------

478.52710666246827
[1, 7, 9]
---------------------------------------------

559.2829485981763
[1, 7, 8]
---------------------------------------------

479.1204764163515
[1, 6, 14]
---------------------------------------------

548.1845253283469
[1, 6, 13]
---------------------------------------------

454.1433914134978
[1, 6, 12]
---------------------------------------------

524.8001277090065
[1, 6, 11]
---------------------------------------------

478.09152902171087
[1, 6, 7]
---------------------------------------------

544.364021775554
[1, 5, 14]
---------------------------------------------

644.4012176539459
[1, 5, 13]
---------------------------------------------

513.0170836344986
[1, 5, 12]
---------------------------------------------

590.6253841114288
[1, 5, 11]
---------------------------------------------

535.3067675265926
[1, 5, 7]
---------------------------------------------

194.82967845260714
[1, 4, 13]
---------------------------------------------

282.7500750255958
[1, 4, 10]
---------------------------------------------

347.6492051169431
[1, 4, 9]
---------------------------------------------

428.2410416822967
[1, 4, 8]
---------------------------------------------

438.4189706310658
[1, 4, 6]
---------------------------------------------

502.2347674774438
[1, 4, 5]
---------------------------------------------

201.6914017146454
[1, 3, 13]
---------------------------------------------

290.411154249316
[1, 3, 10]
---------------------------------------------

356.67441606367976
[1, 3, 9]
---------------------------------------------

436.99986962037696
[1, 3, 8]
---------------------------------------------

430.0735711541468
[1, 3, 6]
---------------------------------------------

492.9099657587847
[1, 3, 5]
---------------------------------------------

Minimum losses for current step: 109.19465283435254
Total load: 7854.660897516276