102.81599830851361
[12, 13, 14]
---------------------------------------------

120.45653148985454
[11, 12, 13]
---------------------------------------------

116.5848317332925
[10, 12, 14]
---------------------------------------------

164.3230379177879
[10, 12, 13]
---------------------------------------------

127.23127363091156
[10, 11, 12]
---------------------------------------------

148.28855123948827
[9, 12, 14]
---------------------------------------------

235.5955512736624
[9, 12, 13]
---------------------------------------------

150.24984656375412
[9, 11, 12]
---------------------------------------------

197.29294174172378
[8, 12, 14]
---------------------------------------------

325.04600457912125
[8, 12, 13]
---------------------------------------------

190.1362231843458
[8, 11, 12]
---------------------------------------------

111.93676225628039
[7, 13, 14]
---------------------------------------------

133.6828130701267
[7, 11, 13]
---------------------------------------------

118.12202840976087
[7, 10, 14]
---------------------------------------------

181.88617227513265
[7, 10, 13]
---------------------------------------------

136.73309497970286
[7, 10, 11]
---------------------------------------------

145.8278038482572
[7, 9, 14]
---------------------------------------------

256.7155727752301
[7, 9, 13]
---------------------------------------------

155.88419240303773
[7, 9, 11]
---------------------------------------------

190.64571305789983
[7, 8, 14]
---------------------------------------------

348.6964408062524
[7, 8, 13]
---------------------------------------------

191.7206020587604
[7, 8, 11]
---------------------------------------------

153.84622574258708
[6, 13, 14]
---------------------------------------------

158.03887523771687
[6, 12, 14]
---------------------------------------------

184.11883453699093
[6, 11, 13]
---------------------------------------------

157.9071166871661
[6, 11, 12]
---------------------------------------------

245.66748968986815
[6, 10, 14]
---------------------------------------------

241.3995849409078
[6, 10, 13]
---------------------------------------------

318.6411394987992
[6, 10, 12]
---------------------------------------------

232.6013575190255
[6, 10, 11]
---------------------------------------------

323.86317140643627
[6, 9, 14]
---------------------------------------------

321.9495014159086
[6, 9, 13]
---------------------------------------------

412.2628772105759
[6, 9, 12]
---------------------------------------------

305.2521053652015
[6, 9, 11]
---------------------------------------------

417.891198945445
[6, 8, 14]
---------------------------------------------

419.7820768316879
[6, 8, 13]
---------------------------------------------

523.502386953591
[6, 8, 12]
---------------------------------------------

394.3599937169628
[6, 8, 11]
---------------------------------------------

145.7414820037266
[6, 7, 14]
---------------------------------------------

155.77151819341992
[6, 7, 11]
---------------------------------------------

285.5552144407319
[6, 7, 10]
---------------------------------------------

374.51484617737333
[6, 7, 9]
---------------------------------------------

481.44533043652126
[6, 7, 8]
---------------------------------------------

187.0237976458036
[5, 13, 14]
---------------------------------------------

192.69807184020857
[5, 12, 14]
---------------------------------------------

221.71358703009895
[5, 11, 13]
---------------------------------------------

186.24503288652141
[5, 11, 12]
---------------------------------------------

296.05808587448763
[5, 10, 14]
---------------------------------------------

283.7644671234766
[5, 10, 13]
---------------------------------------------

387.29634160501416
[5, 10, 12]
---------------------------------------------

279.1862716039066
[5, 10, 11]
---------------------------------------------

378.7941911351989
[5, 9, 14]
---------------------------------------------

366.81253349711136
[5, 9, 13]
---------------------------------------------

488.16429281795297
[5, 9, 12]
---------------------------------------------

358.2709546567344
[5, 9, 11]
---------------------------------------------

478.3258766605156
[5, 8, 14]
---------------------------------------------

467.7585428782574
[5, 8, 13]
---------------------------------------------

606.2023964187883
[5, 8, 12]
---------------------------------------------

452.68550089171566
[5, 8, 11]
---------------------------------------------

174.56861443616182
[5, 7, 14]
---------------------------------------------

178.50672477404922
[5, 7, 11]
---------------------------------------------

349.9310373379374
[5, 7, 10]
---------------------------------------------

446.39654944461574
[5, 7, 9]
---------------------------------------------

560.5730994470256
[5, 7, 8]
---------------------------------------------

120.31916468681348
[4, 12, 13]
---------------------------------------------

144.33181738467806
[4, 10, 12]
---------------------------------------------

188.73082565364516
[4, 9, 12]
---------------------------------------------

251.18257584087368
[4, 8, 12]
---------------------------------------------

124.15026734229649
[4, 7, 13]
---------------------------------------------

134.93728333755226
[4, 7, 10]
---------------------------------------------

175.1365465424762
[4, 7, 9]
---------------------------------------------

233.10895805034693
[4, 7, 8]
---------------------------------------------

154.9659135512565
[4, 6, 13]
---------------------------------------------

201.4945713472696
[4, 6, 12]
---------------------------------------------

294.51988983103985
[4, 6, 10]
---------------------------------------------

378.5525635622213
[4, 6, 9]
---------------------------------------------

479.28215786457923
[4, 6, 8]
---------------------------------------------

174.93266563802874
[4, 6, 7]
---------------------------------------------

182.28150953071244
[4, 5, 13]
---------------------------------------------

245.4667620973727
[4, 5, 12]
---------------------------------------------

346.9489236629612
[4, 5, 10]
---------------------------------------------

436.2992364631935
[4, 5, 9]
---------------------------------------------

542.1110685774221
[4, 5, 8]
---------------------------------------------

212.74945570419575
[4, 5, 7]
---------------------------------------------

147.43340911265616
[3, 12, 13]
---------------------------------------------

176.8593590761815
[3, 10, 12]
---------------------------------------------

227.99623752316353
[3, 9, 12]
---------------------------------------------

297.5807375414185
[3, 8, 12]
---------------------------------------------

148.68516693745286
[3, 7, 13]
---------------------------------------------

161.94900969109432
[3, 7, 10]
---------------------------------------------

208.77411051146746
[3, 7, 9]
---------------------------------------------

273.8299280072543
[3, 7, 8]
---------------------------------------------

174.2158410194514
[3, 6, 13]
---------------------------------------------

242.44612001437815
[3, 6, 12]
---------------------------------------------

330.13608920273714
[3, 6, 10]
---------------------------------------------

417.4601300160339
[3, 6, 9]
---------------------------------------------

521.3315877219
[3, 6, 8]
---------------------------------------------

208.5259157853158
[3, 6, 7]
---------------------------------------------

198.74121979910078
[3, 5, 13]
---------------------------------------------

291.28904776038405
[3, 5, 12]
---------------------------------------------

383.8472086342122
[3, 5, 10]
---------------------------------------------

476.57060413716476
[3, 5, 9]
---------------------------------------------

585.0883006179318
[3, 5, 8]
---------------------------------------------

251.1674934764232
[3, 5, 7]
---------------------------------------------

176.12296321491723
[2, 13, 14]
---------------------------------------------

240.21228481752146
[2, 12, 13]
---------------------------------------------

231.0631459105223
[2, 11, 13]
---------------------------------------------

231.36792172458487
[2, 10, 14]
---------------------------------------------

310.2932923324087
[2, 10, 13]
---------------------------------------------

279.12786631942834
[2, 10, 12]
---------------------------------------------

263.1711279875329
[2, 10, 11]
---------------------------------------------

284.9195227974496
[2, 9, 14]
---------------------------------------------

412.1773410732146
[2, 9, 13]
---------------------------------------------

340.4356090928336
[2, 9, 12]
---------------------------------------------

311.8550195658224
[2, 9, 11]
---------------------------------------------

355.95589032289286
[2, 8, 14]
---------------------------------------------

534.3337547273011
[2, 8, 13]
---------------------------------------------

417.0376486196657
[2, 8, 12]
---------------------------------------------

378.04432033534005
[2, 8, 11]
---------------------------------------------

295.0366846841408
[2, 7, 13]
---------------------------------------------

314.44620070572944
[2, 7, 10]
---------------------------------------------

376.082823936673
[2, 7, 9]
---------------------------------------------

453.1933210836355
[2, 7, 8]
---------------------------------------------

378.94492696350903
[2, 6, 14]
---------------------------------------------

435.58918533994034
[2, 6, 13]
---------------------------------------------

356.78919435943584
[2, 6, 12]
---------------------------------------------

421.0009034322397
[2, 6, 11]
---------------------------------------------

375.57437264568625
[2, 6, 7]
---------------------------------------------

437.25005747849394
[2, 5, 14]
---------------------------------------------

520.1536285653202
[2, 5, 13]
---------------------------------------------

410.2630895960942
[2, 5, 12]
---------------------------------------------

479.2366169709306
[2, 5, 11]
---------------------------------------------

427.3938459745966
[2, 5, 7]
---------------------------------------------

154.99383939291675
[2, 4, 13]
---------------------------------------------

220.60167982464182
[2, 4, 10]
---------------------------------------------

278.2924892458036
[2, 4, 9]
---------------------------------------------

354.6980173384222
[2, 4, 8]
---------------------------------------------

347.08107740710153
[2, 4, 6]
---------------------------------------------

403.895991084824
[2, 4, 5]
---------------------------------------------

167.6796630837673
[2, 3, 13]
---------------------------------------------

230.66429473256045
[2, 3, 10]
---------------------------------------------

290.7783785980184
[2, 3, 9]
---------------------------------------------

367.4193398756595
[2, 3, 8]
---------------------------------------------

342.8916222596193
[2, 3, 6]
---------------------------------------------

398.36528612539075
[2, 3, 5]
---------------------------------------------

215.44923609901082
[1, 13, 14]
---------------------------------------------

301.3027595002743
[1, 12, 13]
---------------------------------------------

277.23334452007884
[1, 11, 13]
---------------------------------------------

279.49450457483994
[1, 10, 14]
---------------------------------------------

362.31705979367086
[1, 10, 13]
---------------------------------------------

344.0237297664614
[1, 10, 12]
---------------------------------------------

312.9747892075628
[1, 10, 11]
---------------------------------------------

336.4856126554672
[1, 9, 14]
---------------------------------------------

469.01673948772947
[1, 9, 13]
---------------------------------------------

409.00224611889166
[1, 9, 12]
---------------------------------------------

365.2488836021826
[1, 9, 11]
---------------------------------------------

410.924852932083
[1, 8, 14]
---------------------------------------------

595.8257031007827
[1, 8, 13]
---------------------------------------------

488.6860460835081
[1, 8, 12]
---------------------------------------------

434.79705541576277
[1, 8, 11]
---------------------------------------------

362.43230946956504
[1, 7, 13]
---------------------------------------------

383.1458748558974
[1, 7, 10]
---------------------------------------------

448.9415888930608
[1, 7, 9]
---------------------------------------------

528.6002656025227
[1, 7, 8]
---------------------------------------------

448.82928433599716
[1, 6, 14]
---------------------------------------------

513.6766611690252
[1, 6, 13]
---------------------------------------------

426.3669925480748
[1, 6, 12]
---------------------------------------------

493.4504451250939
[1, 6, 11]
---------------------------------------------

448.3667076524994
[1, 6, 7]
---------------------------------------------

510.1416335376316
[1, 5, 14]
---------------------------------------------

603.4634019381353
[1, 5, 13]
---------------------------------------------

481.6109120679116
[1, 5, 12]
---------------------------------------------

555.189270533534
[1, 5, 11]
---------------------------------------------

502.28072901764966
[1, 5, 7]
---------------------------------------------

182.2880149016227
[1, 4, 13]
---------------------------------------------

262.754033539918
[1, 4, 10]
---------------------------------------------

325.0642731476805
[1, 4, 9]
---------------------------------------------

404.677291077954
[1, 4, 8]
---------------------------------------------

411.5651406807962
[1, 4, 6]
---------------------------------------------

471.3659234766536
[1, 4, 5]
---------------------------------------------

189.44761596834633
[1, 3, 13]
---------------------------------------------

269.9656516914987
[1, 3, 10]
---------------------------------------------

334.2370823483371
[1, 3, 9]
---------------------------------------------

413.40037991477715
[1, 3, 8]
---------------------------------------------

403.9387095136787
[1, 3, 6]
---------------------------------------------

462.8284145603864
[1, 3, 5]
---------------------------------------------

Minimum losses for current step: 102.81599830851361
Total load: 7623.614273868566