87.09591820803534
[12, 13, 14]
---------------------------------------------

103.63329714515314
[11, 12, 13]
---------------------------------------------

85.3395811620674
[10, 12, 14]
---------------------------------------------

146.30587766315983
[10, 12, 13]
---------------------------------------------

102.7849849506429
[10, 11, 12]
---------------------------------------------

108.85006178349562
[9, 12, 14]
---------------------------------------------

216.48058162333936
[9, 12, 13]
---------------------------------------------

117.88253923871106
[9, 11, 12]
---------------------------------------------

149.25806396113785
[8, 12, 14]
---------------------------------------------

305.50569251478424
[8, 12, 13]
---------------------------------------------

149.46498596054363
[8, 11, 12]
---------------------------------------------

92.77862927686026
[7, 13, 14]
---------------------------------------------

111.28940490869601
[7, 11, 13]
---------------------------------------------

87.46146144053144
[7, 10, 14]
---------------------------------------------

156.0392112701272
[7, 10, 13]
---------------------------------------------

108.68860060645434
[7, 10, 11]
---------------------------------------------

109.09321925640893
[7, 9, 14]
---------------------------------------------

228.15009080630384
[7, 9, 13]
---------------------------------------------

121.96800344507436
[7, 9, 11]
---------------------------------------------

147.53527333073384
[7, 8, 14]
---------------------------------------------

318.21937707810685
[7, 8, 13]
---------------------------------------------

151.6475241834237
[7, 8, 11]
---------------------------------------------

109.5949581753066
[6, 13, 14]
---------------------------------------------

112.31278676998029
[6, 12, 14]
---------------------------------------------

132.1040224267392
[6, 11, 13]
---------------------------------------------

120.44648304324969
[6, 11, 12]
---------------------------------------------

172.95596901284182
[6, 10, 14]
---------------------------------------------

181.0912280477243
[6, 10, 13]
---------------------------------------------

217.31935229075634
[6, 10, 12]
---------------------------------------------

166.4776125790323
[6, 10, 11]
---------------------------------------------

240.66929840259445
[6, 9, 14]
---------------------------------------------

256.6234220185942
[6, 9, 13]
---------------------------------------------

299.23206099603743
[6, 9, 12]
---------------------------------------------

224.4227559479914
[6, 9, 11]
---------------------------------------------

326.15853252662214
[6, 8, 14]
---------------------------------------------

349.2366953438945
[6, 8, 13]
---------------------------------------------

398.61498157863787
[6, 8, 12]
---------------------------------------------

305.57289703515625
[6, 8, 11]
---------------------------------------------

108.92426926950154
[6, 7, 14]
---------------------------------------------

121.83982644867525
[6, 7, 11]
---------------------------------------------

202.83176969479396
[6, 7, 10]
---------------------------------------------

283.2640853327587
[6, 7, 9]
---------------------------------------------

380.38366809567543
[6, 7, 8]
---------------------------------------------

120.77941464194579
[5, 13, 14]
---------------------------------------------

124.4184933208748
[5, 12, 14]
---------------------------------------------

145.31007608180892
[5, 11, 13]
---------------------------------------------

129.65684351471256
[5, 11, 12]
---------------------------------------------

192.37791392853808
[5, 10, 14]
---------------------------------------------

196.47077779821518
[5, 10, 13]
---------------------------------------------

245.77878295072745
[5, 10, 12]
---------------------------------------------

183.76171359132474
[5, 10, 11]
---------------------------------------------

264.25929932646085
[5, 9, 14]
---------------------------------------------

273.6947619567293
[5, 9, 13]
---------------------------------------------

330.7502992222841
[5, 9, 12]
---------------------------------------------

246.03552728078427
[5, 9, 11]
---------------------------------------------

351.85564284177343
[5, 8, 14]
---------------------------------------------

367.5418737710324
[5, 8, 13]
---------------------------------------------

433.65136554784453
[5, 8, 12]
---------------------------------------------

329.88786128645444
[5, 8, 11]
---------------------------------------------

119.74433953795128
[5, 7, 14]
---------------------------------------------

129.80071720071808
[5, 7, 11]
---------------------------------------------

230.82279396894495
[5, 7, 10]
---------------------------------------------

313.68186736884644
[5, 7, 9]
---------------------------------------------

414.43260466056097
[5, 7, 8]
---------------------------------------------

104.66032806211952
[4, 12, 13]
---------------------------------------------

101.71510528321585
[4, 10, 12]
---------------------------------------------

137.08904421083966
[4, 9, 12]
---------------------------------------------

189.9832319026632
[4, 8, 12]
---------------------------------------------

107.89558267314379
[4, 7, 13]
---------------------------------------------

98.81583544234994
[4, 7, 10]
---------------------------------------------

132.222581830493
[4, 7, 9]
---------------------------------------------

183.05539707321412
[4, 7, 8]
---------------------------------------------

119.66692602512788
[4, 6, 13]
---------------------------------------------

141.76096847579424
[4, 6, 12]
---------------------------------------------

215.2394958213802
[4, 6, 10]
---------------------------------------------

290.17109016112676
[4, 6, 9]
---------------------------------------------

381.43404922439333
[4, 6, 8]
---------------------------------------------

131.86975074332048
[4, 6, 7]
---------------------------------------------

128.24481141450352
[4, 5, 13]
---------------------------------------------

157.9462970834299
[4, 5, 12]
---------------------------------------------

236.9487366118401
[4, 5, 10]
---------------------------------------------

314.4032392843821
[4, 5, 9]
---------------------------------------------

408.4414330681703
[4, 5, 8]
---------------------------------------------

146.70842928879162
[4, 5, 7]
---------------------------------------------

130.5911373507631
[3, 12, 13]
---------------------------------------------

127.03323965571987
[3, 10, 12]
---------------------------------------------

168.68135904413813
[3, 9, 12]
---------------------------------------------

228.26468031735212
[3, 8, 12]
---------------------------------------------

132.6603674169944
[3, 7, 13]
---------------------------------------------

121.60313662232355
[3, 7, 10]
---------------------------------------------

161.2353691102749
[3, 7, 9]
---------------------------------------------

218.63077861041637
[3, 7, 8]
---------------------------------------------

142.00492001497642
[3, 6, 13]
---------------------------------------------

173.97613242214962
[3, 6, 12]
---------------------------------------------

247.80717937913778
[3, 6, 10]
---------------------------------------------

325.39897291909625
[3, 6, 9]
---------------------------------------------

419.9026251230224
[3, 6, 8]
---------------------------------------------

160.78099924252552
[3, 6, 7]
---------------------------------------------

149.33540457343676
[3, 5, 13]
---------------------------------------------

192.31955372853483
[3, 5, 12]
---------------------------------------------

270.0182570332505
[3, 5, 10]
---------------------------------------------

350.50258646321646
[3, 5, 9]
---------------------------------------------

447.5607452557655
[3, 5, 8]
---------------------------------------------

177.75114972702542
[3, 5, 7]
---------------------------------------------

130.31003278137615
[2, 13, 14]
---------------------------------------------

218.84081278705483
[2, 12, 13]
---------------------------------------------

174.7298512915075
[2, 11, 13]
---------------------------------------------

167.1566302025083
[2, 10, 14]
---------------------------------------------

248.12650829136504
[2, 10, 13]
---------------------------------------------

214.1611309733976
[2, 10, 12]
---------------------------------------------

199.27745267879325
[2, 10, 11]
---------------------------------------------

210.9875409509623
[2, 9, 14]
---------------------------------------------

343.1659911114059
[2, 9, 13]
---------------------------------------------

267.15216787715565
[2, 9, 12]
---------------------------------------------

239.8387603007438
[2, 9, 11]
---------------------------------------------

272.6889157491679
[2, 8, 14]
---------------------------------------------

459.02138797462715
[2, 8, 13]
---------------------------------------------

337.0235828182382
[2, 8, 12]
---------------------------------------------

297.0569954006923
[2, 8, 11]
---------------------------------------------

246.16394044067047
[2, 7, 13]
---------------------------------------------

230.83851983609145
[2, 7, 10]
---------------------------------------------

284.02659569691303
[2, 7, 9]
---------------------------------------------

354.06267496686786
[2, 7, 8]
---------------------------------------------

287.2960732067425
[2, 6, 14]
---------------------------------------------

308.2845998492542
[2, 6, 13]
---------------------------------------------

273.4524775420107
[2, 6, 12]
---------------------------------------------

328.63534234199915
[2, 6, 11]
---------------------------------------------

283.2495311898056
[2, 6, 7]
---------------------------------------------

311.57551378399626
[2, 5, 14]
---------------------------------------------

343.15177557009366
[2, 5, 13]
---------------------------------------------

295.22914718430627
[2, 5, 12]
---------------------------------------------

353.13212798357745
[2, 5, 11]
---------------------------------------------

304.51784876614835
[2, 5, 7]
---------------------------------------------

122.46258826434169
[2, 4, 13]
---------------------------------------------

157.77429032283047
[2, 4, 10]
---------------------------------------------

205.4801141094973
[2, 4, 9]
---------------------------------------------

271.3913811507327
[2, 4, 8]
---------------------------------------------

256.83700572133614
[2, 4, 6]
---------------------------------------------

281.2464180149219
[2, 4, 5]
---------------------------------------------

139.97512377178867
[2, 3, 13]
---------------------------------------------

167.05943928005044
[2, 3, 10]
---------------------------------------------

217.01244451613726
[2, 3, 9]
---------------------------------------------

285.3357926277198
[2, 3, 8]
---------------------------------------------

253.30345644613996
[2, 3, 6]
---------------------------------------------

277.477454462675
[2, 3, 5]
---------------------------------------------

161.50439575194463
[1, 13, 14]
---------------------------------------------

277.20227459562057
[1, 12, 13]
---------------------------------------------

214.71797049598464
[1, 11, 13]
---------------------------------------------

206.68580468748948
[1, 10, 14]
---------------------------------------------

292.794522711203
[1, 10, 13]
---------------------------------------------

272.1858871696484
[1, 10, 12]
---------------------------------------------

242.10639293931413
[1, 10, 11]
---------------------------------------------

254.91714400358782
[1, 9, 14]
---------------------------------------------

393.29483093311836
[1, 9, 13]
---------------------------------------------

329.45618555109274
[1, 9, 12]
---------------------------------------------

285.90329911864694
[1, 9, 11]
---------------------------------------------

320.84468279084996
[1, 8, 14]
---------------------------------------------

513.5016104930437
[1, 8, 13]
---------------------------------------------

402.65271391894044
[1, 8, 12]
---------------------------------------------

346.8010004949852
[1, 8, 11]
---------------------------------------------

307.37809859344134
[1, 7, 13]
---------------------------------------------

290.6869952164773
[1, 7, 10]
---------------------------------------------

348.31739595926933
[1, 7, 9]
---------------------------------------------

421.68248102637347
[1, 7, 8]
---------------------------------------------

348.068345526583
[1, 6, 14]
---------------------------------------------

375.13359804386283
[1, 6, 13]
---------------------------------------------

336.16664576549005
[1, 6, 12]
---------------------------------------------

392.2675841134309
[1, 6, 11]
---------------------------------------------

347.3827132790416
[1, 6, 7]
---------------------------------------------

374.3740792600537
[1, 5, 14]
---------------------------------------------

412.22126574052083
[1, 5, 13]
---------------------------------------------

359.0958141355187
[1, 5, 12]
---------------------------------------------

418.53557653497825
[1, 5, 11]
---------------------------------------------

369.7496982625719
[1, 5, 7]
---------------------------------------------

142.8596237520601
[1, 4, 13]
---------------------------------------------

191.64947045926831
[1, 4, 10]
---------------------------------------------

243.71756556331462
[1, 4, 9]
---------------------------------------------

314.22268396627584
[1, 4, 8]
---------------------------------------------

313.9006824063302
[1, 4, 6]
---------------------------------------------

340.10572494773015
[1, 4, 5]
---------------------------------------------

155.3271255649244
[1, 3, 13]
---------------------------------------------

198.39790609063127
[1, 3, 10]
---------------------------------------------

252.69566020881325
[1, 3, 9]
---------------------------------------------

325.35247266540927
[1, 3, 8]
---------------------------------------------

308.67804115598057
[1, 3, 6]
---------------------------------------------

334.2870649993477
[1, 3, 5]
---------------------------------------------

Minimum losses for current step: 85.3395811620674
Total load: 6537.108530292873