126.96019088535161
[12, 13, 14]
---------------------------------------------

148.53094054014352
[11, 12, 13]
---------------------------------------------

150.70233541803864
[10, 12, 14]
---------------------------------------------

196.61075645625093
[10, 12, 13]
---------------------------------------------

160.20994375251084
[10, 11, 12]
---------------------------------------------

187.67954023296264
[9, 12, 14]
---------------------------------------------

271.2964566920833
[9, 12, 13]
---------------------------------------------

188.32558932894617
[9, 11, 12]
---------------------------------------------

242.27712492202875
[8, 12, 14]
---------------------------------------------

363.0106113586907
[8, 12, 13]
---------------------------------------------

233.55727898819566
[8, 11, 12]
---------------------------------------------

138.8027861983123
[7, 13, 14]
---------------------------------------------

165.90890437578022
[7, 11, 13]
---------------------------------------------

152.32658370422953
[7, 10, 14]
---------------------------------------------

219.8431847463036
[7, 10, 13]
---------------------------------------------

172.57274705240445
[7, 10, 11]
---------------------------------------------

183.91336997072557
[7, 9, 14]
---------------------------------------------

298.3571982643982
[7, 9, 13]
---------------------------------------------

195.4741921748228
[7, 9, 11]
---------------------------------------------

232.80981588459048
[7, 8, 14]
---------------------------------------------

393.7626014458904
[7, 8, 13]
---------------------------------------------

235.24593355557232
[7, 8, 11]
---------------------------------------------

204.6886495850694
[6, 13, 14]
---------------------------------------------

202.74582519560545
[6, 12, 14]
---------------------------------------------

243.4537688512412
[6, 11, 13]
---------------------------------------------

200.4694104171005
[6, 11, 12]
---------------------------------------------

318.25431976076874
[6, 10, 14]
---------------------------------------------

309.5243199343498
[6, 10, 13]
---------------------------------------------

412.1710197542922
[6, 10, 12]
---------------------------------------------

303.78842455199344
[6, 10, 11]
---------------------------------------------

402.93934858855397
[6, 9, 14]
---------------------------------------------

394.4386341957475
[6, 9, 13]
---------------------------------------------

515.4900125362583
[6, 9, 12]
---------------------------------------------

384.3242297367317
[6, 9, 11]
---------------------------------------------

504.49508432077823
[6, 8, 14]
---------------------------------------------

498.07846537166506
[6, 8, 13]
---------------------------------------------

635.5002978929384
[6, 8, 12]
---------------------------------------------

480.5722003099332
[6, 8, 11]
---------------------------------------------

183.87635625621226
[6, 7, 14]
---------------------------------------------

195.39564620172948
[6, 7, 11]
---------------------------------------------

364.4060268359429
[6, 7, 10]
---------------------------------------------

461.84798582819326
[6, 7, 9]
---------------------------------------------

576.9203627611872
[6, 7, 8]
---------------------------------------------

259.64340507788603
[5, 13, 14]
---------------------------------------------

257.01085486374046
[5, 12, 14]
---------------------------------------------

304.6485637785509
[5, 11, 13]
---------------------------------------------

246.06935731985723
[5, 11, 12]
---------------------------------------------

391.3175106753649
[5, 10, 14]
---------------------------------------------

375.22477829555334
[5, 10, 13]
---------------------------------------------

513.6179237553523
[5, 10, 12]
---------------------------------------------

375.20603799542255
[5, 10, 11]
---------------------------------------------

483.320213064971
[5, 9, 14]
---------------------------------------------

463.6664796770788
[5, 9, 13]
---------------------------------------------

625.8437556617162
[5, 9, 12]
---------------------------------------------

461.5803652048557
[5, 9, 11]
---------------------------------------------

590.5766047272408
[5, 8, 14]
---------------------------------------------

569.5709973442089
[5, 8, 13]
---------------------------------------------

753.6716873129584
[5, 8, 12]
---------------------------------------------

563.0747071385985
[5, 8, 11]
---------------------------------------------

227.6613894696126
[5, 7, 14]
---------------------------------------------

230.8656066644391
[5, 7, 11]
---------------------------------------------

458.86942739073874
[5, 7, 10]
---------------------------------------------

566.0984892254694
[5, 7, 9]
---------------------------------------------

689.4588633587372
[5, 7, 8]
---------------------------------------------

143.86661958992076
[4, 12, 13]
---------------------------------------------

187.3023422281352
[4, 10, 12]
---------------------------------------------

238.7889814633574
[4, 9, 12]
---------------------------------------------

308.725451514878
[4, 8, 12]
---------------------------------------------

147.7983295704249
[4, 7, 13]
---------------------------------------------

172.51967816884178
[4, 7, 10]
---------------------------------------------

218.3031774141806
[4, 7, 9]
---------------------------------------------

282.2368724327248
[4, 7, 8]
---------------------------------------------

196.8706750539112
[4, 6, 13]
---------------------------------------------

258.6841189728465
[4, 6, 12]
---------------------------------------------

373.90187084210555
[4, 6, 10]
---------------------------------------------

466.22675411187305
[4, 6, 9]
---------------------------------------------

574.133925366869
[4, 6, 8]
---------------------------------------------

218.26594992923063
[4, 6, 7]
---------------------------------------------

242.7893660126264
[4, 5, 13]
---------------------------------------------

327.1797691871311
[4, 5, 12]
---------------------------------------------

451.11548510022675
[4, 5, 10]
---------------------------------------------

549.8316197870769
[4, 5, 9]
---------------------------------------------

663.5999518160423
[4, 5, 8]
---------------------------------------------

275.71039479952384
[4, 5, 7]
---------------------------------------------

175.27907988663554
[3, 12, 13]
---------------------------------------------

229.24552760135674
[3, 10, 12]
---------------------------------------------

288.50985771694104
[3, 9, 12]
---------------------------------------------

363.98961494916614
[3, 8, 12]
---------------------------------------------

175.36680362733713
[3, 7, 13]
---------------------------------------------

206.1071446930659
[3, 7, 10]
---------------------------------------------

259.4799927984941
[3, 7, 9]
---------------------------------------------

330.89843355415957
[3, 7, 8]
---------------------------------------------

216.4156516752196
[3, 6, 13]
---------------------------------------------

310.56013526054835
[3, 6, 12]
---------------------------------------------

416.10116121855845
[3, 6, 10]
---------------------------------------------

512.0357590275141
[3, 6, 9]
---------------------------------------------

622.7510888821715
[3, 6, 8]
---------------------------------------------

259.51611416398055
[3, 6, 7]
---------------------------------------------

258.121256905317
[3, 5, 13]
---------------------------------------------

382.0082512060205
[3, 5, 12]
---------------------------------------------

495.32056621407907
[3, 5, 10]
---------------------------------------------

597.0164335354087
[3, 5, 9]
---------------------------------------------

713.6861760643918
[3, 5, 8]
---------------------------------------------

323.7263989025485
[3, 5, 7]
---------------------------------------------

232.14200604609218
[2, 13, 14]
---------------------------------------------

284.37899648759617
[2, 12, 13]
---------------------------------------------

295.7602083986754
[2, 11, 13]
---------------------------------------------

302.7874500265247
[2, 10, 14]
---------------------------------------------

382.4997702429883
[2, 10, 13]
---------------------------------------------

354.1764879727286
[2, 10, 12]
---------------------------------------------

334.62556073717934
[2, 10, 11]
---------------------------------------------

363.07946935344336
[2, 9, 14]
---------------------------------------------

491.49045622529604
[2, 9, 13]
---------------------------------------------

422.36314877061443
[2, 9, 12]
---------------------------------------------

390.3756995920107
[2, 9, 11]
---------------------------------------------

440.7255741795293
[2, 8, 14]
---------------------------------------------

619.8581811097365
[2, 8, 13]
---------------------------------------------

503.73028720048217
[2, 8, 12]
---------------------------------------------

463.83247081656316
[2, 8, 11]
---------------------------------------------

359.0558312533897
[2, 7, 13]
---------------------------------------------

403.3156518006666
[2, 7, 10]
---------------------------------------------

472.33904395524576
[2, 7, 9]
---------------------------------------------

553.8255054864263
[2, 7, 8]
---------------------------------------------

477.11298647519095
[2, 6, 14]
---------------------------------------------

559.7718783304224
[2, 6, 13]
---------------------------------------------

446.0735609519277
[2, 6, 12]
---------------------------------------------

521.3603249464657
[2, 6, 11]
---------------------------------------------

472.2154870322183
[2, 6, 7]
---------------------------------------------

560.2395628077696
[2, 5, 14]
---------------------------------------------

683.6122994325167
[2, 5, 13]
---------------------------------------------

522.3718539883912
[2, 5, 12]
---------------------------------------------

605.2353907393355
[2, 5, 11]
---------------------------------------------

545.9923667665417
[2, 5, 7]
---------------------------------------------

194.69253603820962
[2, 4, 13]
---------------------------------------------

288.2891797467545
[2, 4, 10]
---------------------------------------------

355.08266205134646
[2, 4, 9]
---------------------------------------------

436.24097143788003
[2, 4, 8]
---------------------------------------------

437.17955480043224
[2, 4, 6]
---------------------------------------------

518.3320525535794
[2, 4, 5]
---------------------------------------------

205.47735128266754
[2, 3, 13]
---------------------------------------------

300.1936700015388
[2, 3, 10]
---------------------------------------------

367.3661869129377
[2, 3, 9]
---------------------------------------------

448.5423684691939
[2, 3, 8]
---------------------------------------------

430.8354509725
[2, 3, 6]
---------------------------------------------

510.6172209780627
[2, 3, 5]
---------------------------------------------

284.2762693995316
[1, 13, 14]
---------------------------------------------

356.1709676320106
[1, 12, 13]
---------------------------------------------

353.67103968643244
[1, 11, 13]
---------------------------------------------

362.27032580013173
[1, 10, 14]
---------------------------------------------

446.02612389433574
[1, 10, 13]
---------------------------------------------

432.03085357165264
[1, 10, 12]
---------------------------------------------

396.0953699254452
[1, 10, 11]
---------------------------------------------

426.21054255016804
[1, 9, 14]
---------------------------------------------

560.2657672610434
[1, 9, 13]
---------------------------------------------

504.2492778165181
[1, 9, 12]
---------------------------------------------

455.6997450750285
[1, 9, 11]
---------------------------------------------

506.2756182474525
[1, 8, 14]
---------------------------------------------

692.7698315091009
[1, 8, 13]
---------------------------------------------

589.2019279264849
[1, 8, 12]
---------------------------------------------

531.7719496830953
[1, 8, 11]
---------------------------------------------

438.6667536600629
[1, 7, 13]
---------------------------------------------

487.2214843277108
[1, 7, 10]
---------------------------------------------

559.4948915830098
[1, 7, 9]
---------------------------------------------

644.7895058163963
[1, 7, 8]
---------------------------------------------

560.6542841692531
[1, 6, 14]
---------------------------------------------

655.0165858553344
[1, 6, 13]
---------------------------------------------

528.3292563143569
[1, 6, 12]
---------------------------------------------

608.3073511971162
[1, 6, 11]
---------------------------------------------

559.4188741838598
[1, 6, 7]
---------------------------------------------

648.5158415868801
[1, 5, 14]
---------------------------------------------

785.2351134314405
[1, 5, 13]
---------------------------------------------

608.288698034827
[1, 5, 12]
---------------------------------------------

696.5976111876234
[1, 5, 11]
---------------------------------------------

636.6703589711434
[1, 5, 7]
---------------------------------------------

231.61939266412202
[1, 4, 13]
---------------------------------------------

343.09183100312055
[1, 4, 10]
---------------------------------------------

414.092437301943
[1, 4, 9]
---------------------------------------------

496.2621597124664
[1, 4, 8]
---------------------------------------------

514.4268189108537
[1, 4, 6]
---------------------------------------------

600.7464572216193
[1, 4, 5]
---------------------------------------------

235.28164274955245
[1, 3, 13]
---------------------------------------------

350.6602832215316
[1, 3, 10]
---------------------------------------------

421.63042906716646
[1, 3, 9]
---------------------------------------------

505.33689138163186
[1, 3, 8]
---------------------------------------------

504.44582959829194
[1, 3, 6]
---------------------------------------------

589.5802156066343
[1, 3, 5]
---------------------------------------------

Minimum losses for current step: 126.96019088535161
Total load: 8572.970554943411