116.39865557875811
[12, 13, 14]
---------------------------------------------

124.88707152422454
[11, 12, 13]
---------------------------------------------

125.04133388317645
[10, 12, 14]
---------------------------------------------

134.61748921870793
[10, 12, 13]
---------------------------------------------

129.19041014166163
[10, 11, 12]
---------------------------------------------

130.52479257584943
[9, 12, 14]
---------------------------------------------

145.61452977097406
[9, 12, 13]
---------------------------------------------

134.2713167858419
[9, 11, 12]
---------------------------------------------

136.80437013190345
[8, 12, 14]
---------------------------------------------

157.91694264009593
[8, 12, 13]
---------------------------------------------

140.14591181504866
[8, 11, 12]
---------------------------------------------

132.48637419647534
[7, 13, 14]
---------------------------------------------

142.32287133414508
[7, 11, 13]
---------------------------------------------

138.72551673855617
[7, 10, 14]
---------------------------------------------

153.41123603680654
[7, 10, 13]
---------------------------------------------

145.4189536086194
[7, 10, 11]
---------------------------------------------

142.98246533268917
[7, 9, 14]
---------------------------------------------

165.78521912650805
[7, 9, 13]
---------------------------------------------

149.28101405437823
[7, 9, 11]
---------------------------------------------

148.02404247683202
[7, 8, 14]
---------------------------------------------

179.4863995359113
[7, 8, 13]
---------------------------------------------

153.92478098330253
[7, 8, 11]
---------------------------------------------

216.28481126518693
[6, 13, 14]
---------------------------------------------

140.8800250027641
[6, 12, 14]
---------------------------------------------

228.9809949771011
[6, 11, 13]
---------------------------------------------

143.95213580078348
[6, 11, 12]
---------------------------------------------

245.10798401192605
[6, 10, 14]
---------------------------------------------

243.0106058327388
[6, 10, 13]
---------------------------------------------

329.8063203981357
[6, 10, 12]
---------------------------------------------

243.56835058152978
[6, 10, 11]
---------------------------------------------

261.2839276097751
[6, 9, 14]
---------------------------------------------

258.3072193550102
[6, 9, 13]
---------------------------------------------

350.56939327244226
[6, 9, 12]
---------------------------------------------

259.28457064391114
[6, 9, 11]
---------------------------------------------

278.7110330966135
[6, 8, 14]
---------------------------------------------

275.01177789865363
[6, 8, 13]
---------------------------------------------

372.09567859466256
[6, 8, 12]
---------------------------------------------

276.2291613034227
[6, 8, 11]
---------------------------------------------

143.093340645357
[6, 7, 14]
---------------------------------------------

149.36797245543423
[6, 7, 11]
---------------------------------------------

284.23911463666553
[6, 7, 10]
---------------------------------------------

303.3211724970319
[6, 7, 9]
---------------------------------------------

323.4021216222784
[6, 7, 8]
---------------------------------------------

285.1624856589007
[5, 13, 14]
---------------------------------------------

182.36751208912239
[5, 12, 14]
---------------------------------------------

299.41540537350363
[5, 11, 13]
---------------------------------------------

183.46084468487703
[5, 11, 12]
---------------------------------------------

319.9926526893313
[5, 10, 14]
---------------------------------------------

314.9888612222274
[5, 10, 13]
---------------------------------------------

433.72666366914257
[5, 10, 12]
---------------------------------------------

316.98639044973595
[5, 10, 11]
---------------------------------------------

338.301353116665
[5, 9, 14]
---------------------------------------------

331.9404161909342
[5, 9, 13]
---------------------------------------------

456.7301240969543
[5, 9, 12]
---------------------------------------------

335.4170197338685
[5, 9, 11]
---------------------------------------------

357.27237200293507
[5, 8, 14]
---------------------------------------------

350.1825136037077
[5, 8, 13]
---------------------------------------------

480.61418764975133
[5, 8, 12]
---------------------------------------------

354.2098555976537
[5, 8, 11]
---------------------------------------------

172.75708583488014
[5, 7, 14]
---------------------------------------------

177.1187662442548
[5, 7, 11]
---------------------------------------------

379.5353244260871
[5, 7, 10]
---------------------------------------------

401.1131297083772
[5, 7, 9]
---------------------------------------------

423.59311119342294
[5, 7, 8]
---------------------------------------------

92.36708514638883
[4, 12, 13]
---------------------------------------------

137.45500851981006
[4, 10, 12]
---------------------------------------------

146.41149425215517
[4, 9, 12]
---------------------------------------------

156.19015903507233
[4, 8, 12]
---------------------------------------------

98.13142398072824
[4, 7, 13]
---------------------------------------------

130.54245421725724
[4, 7, 10]
---------------------------------------------

138.187070682611
[4, 7, 9]
---------------------------------------------

146.64750713927458
[4, 7, 8]
---------------------------------------------

159.960442525173
[4, 6, 13]
---------------------------------------------

162.6141183252776
[4, 6, 12]
---------------------------------------------

293.60393225303085
[4, 6, 10]
---------------------------------------------

312.0818456079257
[4, 6, 9]
---------------------------------------------

331.4410914390945
[4, 6, 8]
---------------------------------------------

138.52909748700418
[4, 6, 7]
---------------------------------------------

217.13139590598243
[4, 5, 13]
---------------------------------------------

220.83595600288447
[4, 5, 12]
---------------------------------------------

372.97436399669436
[4, 5, 10]
---------------------------------------------

393.1023215187161
[4, 5, 9]
---------------------------------------------

414.07784819329163
[4, 5, 8]
---------------------------------------------

184.1669511924158
[4, 5, 7]
---------------------------------------------

110.01037613653246
[3, 12, 13]
---------------------------------------------

174.6519883446165
[3, 10, 12]
---------------------------------------------

185.49847265013935
[3, 9, 12]
---------------------------------------------

197.16216544261584
[3, 8, 12]
---------------------------------------------

110.9011555922486
[3, 7, 13]
---------------------------------------------

157.3526441211315
[3, 7, 10]
---------------------------------------------

166.83292693516108
[3, 7, 9]
---------------------------------------------

177.13481075722993
[3, 7, 8]
---------------------------------------------

162.34495091964706
[3, 6, 13]
---------------------------------------------

204.97145112230766
[3, 6, 12]
---------------------------------------------

337.3885576049469
[3, 6, 10]
---------------------------------------------

356.74409168382937
[3, 6, 9]
---------------------------------------------

376.8590313361963
[3, 6, 8]
---------------------------------------------

167.3465359474428
[3, 6, 7]
---------------------------------------------

213.94307477829847
[3, 5, 13]
---------------------------------------------

272.2881924403601
[3, 5, 12]
---------------------------------------------

419.09040323840276
[3, 5, 10]
---------------------------------------------

440.2012618867236
[3, 5, 9]
---------------------------------------------

462.1410270913157
[3, 5, 8]
---------------------------------------------

221.61886275913096
[3, 5, 7]
---------------------------------------------

253.9880317178677
[2, 13, 14]
---------------------------------------------

209.00248639667836
[2, 12, 13]
---------------------------------------------

272.1479362897766
[2, 11, 13]
---------------------------------------------

274.09934126207037
[2, 10, 14]
---------------------------------------------

291.3493044226419
[2, 10, 13]
---------------------------------------------

308.4686822792198
[2, 10, 12]
---------------------------------------------

282.4138545822059
[2, 10, 11]
---------------------------------------------

285.41272129970713
[2, 9, 14]
---------------------------------------------

311.6623708105653
[2, 9, 13]
---------------------------------------------

322.1465055872422
[2, 9, 12]
---------------------------------------------

293.3710445517505
[2, 9, 11]
---------------------------------------------

297.4117589131399
[2, 8, 14]
---------------------------------------------

333.1669612099307
[2, 8, 13]
---------------------------------------------

336.67752389813154
[2, 8, 12]
---------------------------------------------

305.168759764729
[2, 8, 11]
---------------------------------------------

281.4598314440206
[2, 7, 13]
---------------------------------------------

364.34221205521726
[2, 7, 10]
---------------------------------------------

378.0651997863328
[2, 7, 9]
---------------------------------------------

392.6215997687004
[2, 7, 8]
---------------------------------------------

399.121126834697
[2, 6, 14]
---------------------------------------------

489.68542520166585
[2, 6, 13]
---------------------------------------------

346.7294660392052
[2, 6, 12]
---------------------------------------------

410.04332463674956
[2, 6, 11]
---------------------------------------------

379.18477267577333
[2, 6, 7]
---------------------------------------------

483.0759119656977
[2, 5, 14]
---------------------------------------------

622.0438645111956
[2, 5, 13]
---------------------------------------------

423.49064889779663
[2, 5, 12]
---------------------------------------------

493.96264923350674
[2, 5, 11]
---------------------------------------------

452.3823840940629
[2, 5, 7]
---------------------------------------------

158.06920107849348
[2, 4, 13]
---------------------------------------------

239.4262589570849
[2, 4, 10]
---------------------------------------------

252.09379839860443
[2, 4, 9]
---------------------------------------------

265.6419359741657
[2, 4, 8]
---------------------------------------------

339.1334055189786
[2, 4, 6]
---------------------------------------------

422.2785861053691
[2, 4, 5]
---------------------------------------------

148.7531527096452
[2, 3, 13]
---------------------------------------------

247.40829737037964
[2, 3, 10]
---------------------------------------------

260.72886495241056
[2, 3, 9]
---------------------------------------------

274.93828147953406
[2, 3, 8]
---------------------------------------------

329.218296773261
[2, 3, 6]
---------------------------------------------

410.1136381134196
[2, 3, 5]
---------------------------------------------

320.8518594629284
[1, 13, 14]
---------------------------------------------

284.98431586120756
[1, 12, 13]
---------------------------------------------

340.34212406975115
[1, 11, 13]
---------------------------------------------

342.6716266273471
[1, 10, 14]
---------------------------------------------

360.92986706921306
[1, 10, 13]
---------------------------------------------

397.2479917986507
[1, 10, 12]
---------------------------------------------

351.42309552257984
[1, 10, 11]
---------------------------------------------

354.7786077607566
[1, 9, 14]
---------------------------------------------

382.6866838644701
[1, 9, 13]
---------------------------------------------

412.08586192590775
[1, 9, 12]
---------------------------------------------

363.30981420201437
[1, 9, 11]
---------------------------------------------

367.69802908479875
[1, 8, 14]
---------------------------------------------

405.5801597737903
[1, 8, 13]
---------------------------------------------

427.76899829258
[1, 8, 12]
---------------------------------------------

376.0177812895906
[1, 8, 11]
---------------------------------------------

368.084239389353
[1, 7, 13]
---------------------------------------------

460.16117539636025
[1, 7, 10]
---------------------------------------------

475.1957984494113
[1, 7, 9]
---------------------------------------------

491.0721859369461
[1, 7, 8]
---------------------------------------------

492.3705801150492
[1, 6, 14]
---------------------------------------------

595.7531827435507
[1, 6, 13]
---------------------------------------------

438.48898227955635
[1, 6, 12]
---------------------------------------------

503.9952728478865
[1, 6, 11]
---------------------------------------------

476.5279151064071
[1, 6, 7]
---------------------------------------------

582.6675023395377
[1, 5, 14]
---------------------------------------------

736.5579095021105
[1, 5, 13]
---------------------------------------------

518.7038320126813
[1, 5, 12]
---------------------------------------------

594.2594955321752
[1, 5, 11]
---------------------------------------------

553.7580857131429
[1, 5, 7]
---------------------------------------------

207.24806490597808
[1, 4, 13]
---------------------------------------------

301.67156265378566
[1, 4, 10]
---------------------------------------------

315.6855565568737
[1, 4, 9]
---------------------------------------------

330.5955678645416
[1, 4, 8]
---------------------------------------------

425.56466628765656
[1, 4, 6]
---------------------------------------------

513.9395594775855
[1, 4, 5]
---------------------------------------------

188.1166040063523
[1, 3, 13]
---------------------------------------------

304.78808532867504
[1, 3, 10]
---------------------------------------------

319.4476857546971
[1, 3, 9]
---------------------------------------------

334.7782420091743
[1, 3, 8]
---------------------------------------------

410.1919666258211
[1, 3, 6]
---------------------------------------------

497.0936769028364
[1, 3, 5]
---------------------------------------------

Minimum losses for current step: 92.36708514638883
Total load: 7152.633370147636