112.5523665233192
[12, 13, 14]
---------------------------------------------

121.53381044703376
[11, 12, 13]
---------------------------------------------

119.36591731859687
[10, 12, 14]
---------------------------------------------

131.76348972617777
[10, 12, 13]
---------------------------------------------

124.92229061109397
[10, 11, 12]
---------------------------------------------

123.92065357531438
[9, 12, 14]
---------------------------------------------

143.26729121385853
[9, 12, 13]
---------------------------------------------

129.08008627511617
[9, 11, 12]
---------------------------------------------

129.2492424660759
[8, 12, 14]
---------------------------------------------

156.08486274350238
[8, 12, 13]
---------------------------------------------

134.02213251246397
[8, 11, 12]
---------------------------------------------

128.87698527141174
[7, 13, 14]
---------------------------------------------

138.95836717637175
[7, 11, 13]
---------------------------------------------

133.73731837432692
[7, 10, 14]
---------------------------------------------

150.29501016573707
[7, 10, 13]
---------------------------------------------

141.3832951133992
[7, 10, 11]
---------------------------------------------

137.31425712940054
[7, 9, 14]
---------------------------------------------

162.9213192126354
[7, 9, 13]
---------------------------------------------

144.56819273528694
[7, 9, 11]
---------------------------------------------

141.66994364313908
[7, 8, 14]
---------------------------------------------

176.87921790956676
[7, 8, 13]
---------------------------------------------

148.52785392732304
[7, 8, 11]
---------------------------------------------

195.19079567576316
[6, 13, 14]
---------------------------------------------

130.86481078557065
[6, 12, 14]
---------------------------------------------

207.55467851844
[6, 11, 13]
---------------------------------------------

135.50846287208603
[6, 11, 12]
---------------------------------------------

221.5612384835796
[6, 10, 14]
---------------------------------------------

221.3016684174353
[6, 10, 13]
---------------------------------------------

290.37618071047575
[6, 10, 12]
---------------------------------------------

220.95630993523577
[6, 10, 11]
---------------------------------------------

236.464025700046
[6, 9, 14]
---------------------------------------------

236.30080648255912
[6, 9, 13]
---------------------------------------------

309.9697616473776
[6, 9, 12]
---------------------------------------------

235.41134095420915
[6, 9, 11]
---------------------------------------------

252.5925676681625
[6, 8, 14]
---------------------------------------------

252.68412258509963
[6, 8, 13]
---------------------------------------------

330.5417869085653
[6, 8, 12]
---------------------------------------------

251.07439142973286
[6, 8, 11]
---------------------------------------------

137.396510375204
[6, 7, 14]
---------------------------------------------

144.60962659872845
[6, 7, 11]
---------------------------------------------

256.1280182849105
[6, 7, 10]
---------------------------------------------

274.7200274442043
[6, 7, 9]
---------------------------------------------

293.9294915337464
[6, 7, 8]
---------------------------------------------

245.90768688103844
[5, 13, 14]
---------------------------------------------

158.5269235944102
[5, 12, 14]
---------------------------------------------

259.50389918104844
[5, 11, 13]
---------------------------------------------

161.61334976616797
[5, 11, 12]
---------------------------------------------

276.9624951506384
[5, 10, 14]
---------------------------------------------

274.46939454023106
[5, 10, 13]
---------------------------------------------

369.51139919087836
[5, 10, 12]
---------------------------------------------

275.2095239922742
[5, 10, 11]
---------------------------------------------

294.27882308779664
[5, 9, 14]
---------------------------------------------

290.6902890686449
[5, 9, 13]
---------------------------------------------

391.0027328507717
[5, 9, 12]
---------------------------------------------

292.05479053916423
[5, 9, 11]
---------------------------------------------

312.8340333477166
[5, 8, 14]
---------------------------------------------

308.3462808486399
[5, 8, 13]
---------------------------------------------

413.4092235518623
[5, 8, 12]
---------------------------------------------

310.14651779196765
[5, 8, 11]
---------------------------------------------

157.4948472608514
[5, 7, 14]
---------------------------------------------

163.192540936927
[5, 7, 11]
---------------------------------------------

329.40136082510656
[5, 7, 10]
---------------------------------------------

349.9215414905819
[5, 7, 9]
---------------------------------------------

371.149125282316
[5, 7, 8]
---------------------------------------------

85.41286749155199
[4, 12, 13]
---------------------------------------------

122.37193226536738
[4, 10, 12]
---------------------------------------------

130.5091016396751
[4, 9, 12]
---------------------------------------------

139.46454925640896
[4, 8, 12]
---------------------------------------------

92.92428113610013
[4, 7, 13]
---------------------------------------------

119.3447700133851
[4, 7, 10]
---------------------------------------------

126.43351642243971
[4, 7, 9]
---------------------------------------------

134.33432286148604
[4, 7, 8]
---------------------------------------------

140.75264769912508
[4, 6, 13]
---------------------------------------------

142.28201495177797
[4, 6, 12]
---------------------------------------------

267.8795590498413
[4, 6, 10]
---------------------------------------------

285.57332308774346
[4, 6, 9]
---------------------------------------------

304.1026971741429
[4, 6, 8]
---------------------------------------------

126.65847857659575
[4, 6, 7]
---------------------------------------------

181.61226199724913
[4, 5, 13]
---------------------------------------------

183.7908998948038
[4, 5, 12]
---------------------------------------------

329.24042014846924
[4, 5, 10]
---------------------------------------------

348.3318660168901
[4, 5, 9]
---------------------------------------------

368.2359717576656
[4, 5, 8]
---------------------------------------------

160.09756130449827
[4, 5, 7]
---------------------------------------------

104.65066744930199
[3, 12, 13]
---------------------------------------------

157.84904421411656
[3, 10, 12]
---------------------------------------------

167.93834381734766
[3, 9, 12]
---------------------------------------------

178.8480130819957
[3, 8, 12]
---------------------------------------------

108.01746741257607
[3, 7, 13]
---------------------------------------------

146.03106669570144
[3, 7, 10]
---------------------------------------------

155.02781701378547
[3, 7, 9]
---------------------------------------------

164.8464441234577
[3, 7, 8]
---------------------------------------------

147.10387846939716
[3, 6, 13]
---------------------------------------------

182.35951773941898
[3, 6, 12]
---------------------------------------------

312.77264620775907
[3, 6, 10]
---------------------------------------------

331.573557975717
[3, 6, 9]
---------------------------------------------

351.21609076664384
[3, 6, 8]
---------------------------------------------

155.38166271191002
[3, 6, 7]
---------------------------------------------

183.3620624884877
[3, 5, 13]
---------------------------------------------

231.45248707117776
[3, 5, 12]
---------------------------------------------

376.25850685070236
[3, 5, 10]
---------------------------------------------

396.3714054706727
[3, 5, 9]
---------------------------------------------

417.3302090631586
[3, 5, 8]
---------------------------------------------

196.05219404468895
[3, 5, 7]
---------------------------------------------

238.49859845798122
[2, 13, 14]
---------------------------------------------

213.23866419395145
[2, 12, 13]
---------------------------------------------

256.3820242245385
[2, 11, 13]
---------------------------------------------

257.18488029217406
[2, 10, 14]
---------------------------------------------

275.4793769141661
[2, 10, 13]
---------------------------------------------

294.9351463844558
[2, 10, 12]
---------------------------------------------

265.9751719351137
[2, 10, 11]
---------------------------------------------

267.72875823278844
[2, 9, 14]
---------------------------------------------

295.51184792539163
[2, 9, 13]
---------------------------------------------

308.0074003919216
[2, 9, 12]
---------------------------------------------

276.34713647148953
[2, 9, 11]
---------------------------------------------

279.15571949128264
[2, 8, 14]
---------------------------------------------

316.7373354587998
[2, 8, 13]
---------------------------------------------

321.9249161657481
[2, 8, 12]
---------------------------------------------

287.41542699583454
[2, 8, 11]
---------------------------------------------

275.4679314971474
[2, 7, 13]
---------------------------------------------

341.0995843140462
[2, 7, 10]
---------------------------------------------

354.4253951816958
[2, 7, 9]
---------------------------------------------

368.40627991045756
[2, 7, 8]
---------------------------------------------

377.8422991861173
[2, 6, 14]
---------------------------------------------

441.97524402872676
[2, 6, 13]
---------------------------------------------

326.7734894153448
[2, 6, 12]
---------------------------------------------

389.05551981176575
[2, 6, 11]
---------------------------------------------

355.221520726389
[2, 6, 7]
---------------------------------------------

442.9802264626112
[2, 5, 14]
---------------------------------------------

544.1843132241623
[2, 5, 13]
---------------------------------------------

386.27897173032324
[2, 5, 12]
---------------------------------------------

454.1827094171989
[2, 5, 11]
---------------------------------------------

411.04258928417045
[2, 5, 7]
---------------------------------------------

142.6772805868646
[2, 4, 13]
---------------------------------------------

218.53827277205156
[2, 4, 10]
---------------------------------------------

230.5876357577159
[2, 4, 9]
---------------------------------------------

243.44187152441023
[2, 4, 8]
---------------------------------------------

313.4442346822777
[2, 4, 6]
---------------------------------------------

378.5587357323214
[2, 4, 5]
---------------------------------------------

137.40447387154626
[2, 3, 13]
---------------------------------------------

227.24569249306091
[2, 3, 10]
---------------------------------------------

239.90820142267978
[2, 3, 9]
---------------------------------------------

253.45235001500072
[2, 3, 8]
---------------------------------------------

304.0176887752492
[2, 3, 6]
---------------------------------------------

367.41558853368383
[2, 3, 5]
---------------------------------------------

307.15215324109937
[1, 13, 14]
---------------------------------------------

295.3563552297577
[1, 12, 13]
---------------------------------------------

326.5929304118586
[1, 11, 13]
---------------------------------------------

327.7811039450557
[1, 10, 14]
---------------------------------------------

347.0270928331016
[1, 10, 13]
---------------------------------------------

387.73654661314157
[1, 10, 12]
---------------------------------------------

337.05015661201014
[1, 10, 11]
---------------------------------------------

339.2448594083559
[1, 9, 14]
---------------------------------------------

368.5829666109587
[1, 9, 13]
---------------------------------------------

402.02123725261475
[1, 9, 12]
---------------------------------------------

348.2393296038059
[1, 9, 11]
---------------------------------------------

351.4735966893099
[1, 8, 14]
---------------------------------------------

391.2742866384973
[1, 8, 13]
---------------------------------------------

417.1446367658223
[1, 8, 12]
---------------------------------------------

360.27300115824016
[1, 8, 11]
---------------------------------------------

366.67032081225705
[1, 7, 13]
---------------------------------------------

439.93441238762216
[1, 7, 10]
---------------------------------------------

454.3818931259225
[1, 7, 9]
---------------------------------------------

469.664964437362
[1, 7, 8]
---------------------------------------------

473.88738023676285
[1, 6, 14]
---------------------------------------------

549.9002309131444
[1, 6, 13]
---------------------------------------------

422.56476778412616
[1, 6, 12]
---------------------------------------------

485.8538148335751
[1, 6, 11]
---------------------------------------------

455.31985834962626
[1, 6, 7]
---------------------------------------------

544.7102068602794
[1, 5, 14]
---------------------------------------------

659.7547784530881
[1, 5, 13]
---------------------------------------------

485.1101463565915
[1, 5, 12]
---------------------------------------------

556.5968056395495
[1, 5, 11]
---------------------------------------------

515.5727180572617
[1, 5, 7]
---------------------------------------------

191.5724572789788
[1, 4, 13]
---------------------------------------------

281.5899941610283
[1, 4, 10]
---------------------------------------------

294.9691448165646
[1, 4, 9]
---------------------------------------------

309.2367178844025
[1, 4, 8]
---------------------------------------------

402.4367540414214
[1, 4, 6]
---------------------------------------------

472.049067075659
[1, 4, 5]
---------------------------------------------

175.600849400892
[1, 3, 13]
---------------------------------------------

284.908694060966
[1, 3, 10]
---------------------------------------------

298.9603239404102
[1, 3, 9]
---------------------------------------------

313.8991509229585
[1, 3, 8]
---------------------------------------------

387.18737073929594
[1, 3, 6]
---------------------------------------------

455.21666210281074
[1, 3, 5]
---------------------------------------------

Minimum losses for current step: 85.41286749155199
Total load: 6808.234716644814