126.02278793316854
[12, 13, 14]
---------------------------------------------

135.76646560413647
[11, 12, 13]
---------------------------------------------

132.8170651736785
[10, 12, 14]
---------------------------------------------

146.76963591420025
[10, 12, 13]
---------------------------------------------

139.15707080802005
[10, 11, 12]
---------------------------------------------

137.37534089346698
[9, 12, 14]
---------------------------------------------

159.0588691581938
[9, 12, 13]
---------------------------------------------

143.31606623164842
[9, 11, 12]
---------------------------------------------

142.72206632133233
[8, 12, 14]
---------------------------------------------

172.67567515748755
[8, 12, 13]
---------------------------------------------

148.25945614540746
[8, 11, 12]
---------------------------------------------

144.2854620233509
[7, 13, 14]
---------------------------------------------

155.14577831041024
[7, 11, 13]
---------------------------------------------

149.1486225459654
[7, 10, 14]
---------------------------------------------

167.27077367516137
[7, 10, 13]
---------------------------------------------

157.57323905521392
[7, 10, 11]
---------------------------------------------

152.72610067921093
[7, 9, 14]
---------------------------------------------

180.69767221542642
[7, 9, 13]
---------------------------------------------

160.75938058433152
[7, 9, 11]
---------------------------------------------

157.0824459663607
[7, 8, 14]
---------------------------------------------

195.4702641306432
[7, 8, 13]
---------------------------------------------

164.72042587980127
[7, 8, 11]
---------------------------------------------

214.68014903734013
[6, 13, 14]
---------------------------------------------

144.34108821997833
[6, 12, 14]
---------------------------------------------

227.9276432137262
[6, 11, 13]
---------------------------------------------

149.7485215261842
[6, 11, 12]
---------------------------------------------

242.2333570000639
[6, 10, 14]
---------------------------------------------

242.4277427309407
[6, 10, 13]
---------------------------------------------

312.51005965986
[6, 10, 12]
---------------------------------------------

241.8555226709613
[6, 10, 11]
---------------------------------------------

257.7341265060857
[6, 9, 14]
---------------------------------------------

258.25842614427853
[6, 9, 13]
---------------------------------------------

332.70770838798467
[6, 9, 12]
---------------------------------------------

256.9055185316242
[6, 9, 11]
---------------------------------------------

274.4703185403143
[6, 8, 14]
---------------------------------------------

275.5051485710136
[6, 8, 13]
---------------------------------------------

353.8157130340525
[6, 8, 12]
---------------------------------------------

273.17193330030153
[6, 8, 11]
---------------------------------------------

152.8131764599833
[6, 7, 14]
---------------------------------------------

160.79804677038558
[6, 7, 11]
---------------------------------------------

278.37437881103466
[6, 7, 10]
---------------------------------------------

297.16125960658957
[6, 7, 9]
---------------------------------------------

316.95954323836503
[6, 7, 8]
---------------------------------------------

267.5668069180255
[5, 13, 14]
---------------------------------------------

172.00939817936504
[5, 12, 14]
---------------------------------------------

281.99475651232456
[5, 11, 13]
---------------------------------------------

175.859522012386
[5, 11, 12]
---------------------------------------------

299.8450561341643
[5, 10, 14]
---------------------------------------------

297.7988972348443
[5, 10, 13]
---------------------------------------------

393.36914785963387
[5, 10, 12]
---------------------------------------------

298.30667463440005
[5, 10, 11]
---------------------------------------------

317.78365552202325
[5, 9, 14]
---------------------------------------------

314.8797850524348
[5, 9, 13]
---------------------------------------------

415.3982239241047
[5, 9, 12]
---------------------------------------------

315.76860918199435
[5, 9, 11]
---------------------------------------------

336.5495629022075
[5, 8, 14]
---------------------------------------------

333.35941632560326
[5, 8, 13]
---------------------------------------------

438.3330087211118
[5, 8, 12]
---------------------------------------------

334.41129599042944
[5, 8, 11]
---------------------------------------------

172.91672455808327
[5, 7, 14]
---------------------------------------------

179.3838905336299
[5, 7, 11]
---------------------------------------------

353.40835657990493
[5, 7, 10]
---------------------------------------------

374.21857798755894
[5, 7, 9]
---------------------------------------------

395.94783521548936
[5, 7, 8]
---------------------------------------------

93.76433230920568
[4, 12, 13]
---------------------------------------------

132.99223548962638
[4, 10, 12]
---------------------------------------------

141.40154598284843
[4, 9, 12]
---------------------------------------------

150.63054927291796
[4, 8, 12]
---------------------------------------------

102.48594734836816
[4, 7, 13]
---------------------------------------------

130.52982718541983
[4, 7, 10]
---------------------------------------------

137.88491027132525
[4, 7, 9]
---------------------------------------------

146.0541350106645
[4, 7, 8]
---------------------------------------------

152.86623980784245
[4, 6, 13]
---------------------------------------------

153.54636053370973
[4, 6, 12]
---------------------------------------------

291.4102464050513
[4, 6, 10]
---------------------------------------------

309.6927928711776
[4, 6, 9]
---------------------------------------------

328.8550285813364
[4, 6, 8]
---------------------------------------------

138.12624245137687
[4, 6, 7]
---------------------------------------------

195.0739048389714
[4, 5, 13]
---------------------------------------------

196.10760400513465
[4, 5, 12]
---------------------------------------------

354.5990785992038
[4, 5, 10]
---------------------------------------------

374.2443823332219
[4, 5, 9]
---------------------------------------------

394.74320102828966
[4, 5, 8]
---------------------------------------------

172.57774990299828
[4, 5, 7]
---------------------------------------------

115.58400332997132
[3, 12, 13]
---------------------------------------------

172.37127984069352
[3, 10, 12]
---------------------------------------------

182.89619902184444
[3, 9, 12]
---------------------------------------------

194.23995324204935
[3, 8, 12]
---------------------------------------------

119.84238583180064
[3, 7, 13]
---------------------------------------------

160.41869448713305
[3, 7, 10]
---------------------------------------------

169.84021873132886
[3, 7, 9]
---------------------------------------------

180.08459796503158
[3, 7, 8]
---------------------------------------------

160.79782328766248
[3, 6, 13]
---------------------------------------------

197.96972916889203
[3, 6, 12]
---------------------------------------------

340.9476420366182
[3, 6, 10]
---------------------------------------------

360.3043688483188
[3, 6, 9]
---------------------------------------------

380.40375812265734
[3, 6, 8]
---------------------------------------------

170.2265659514624
[3, 6, 7]
---------------------------------------------

198.0443143505262
[3, 5, 13]
---------------------------------------------

248.6863931901011
[3, 5, 12]
---------------------------------------------

406.274167269784
[3, 5, 10]
---------------------------------------------

427.03084882611165
[3, 5, 9]
---------------------------------------------

448.62155503034023
[3, 5, 8]
---------------------------------------------

212.5035932034738
[3, 5, 7]
---------------------------------------------

263.87728637764843
[2, 13, 14]
---------------------------------------------

238.96836008732367
[2, 12, 13]
---------------------------------------------

282.47808419459045
[2, 11, 13]
---------------------------------------------

283.2885082115748
[2, 10, 14]
---------------------------------------------

302.14771561780714
[2, 10, 13]
---------------------------------------------

324.798224592189
[2, 10, 12]
---------------------------------------------

292.32810691091953
[2, 10, 11]
---------------------------------------------

294.1434855365094
[2, 9, 14]
---------------------------------------------

323.02098497509104
[2, 9, 13]
---------------------------------------------

338.4524704453073
[2, 9, 12]
---------------------------------------------

302.976089636052
[2, 9, 11]
---------------------------------------------

305.8116538581772
[2, 8, 14]
---------------------------------------------

345.0668027996335
[2, 8, 13]
---------------------------------------------

352.82806259932306
[2, 8, 12]
---------------------------------------------

314.4595608582147
[2, 8, 11]
---------------------------------------------

303.9744055728269
[2, 7, 13]
---------------------------------------------

372.76194907358297
[2, 7, 10]
---------------------------------------------

386.3613130477625
[2, 7, 9]
---------------------------------------------

400.7912916393942
[2, 7, 8]
---------------------------------------------

412.74488486911304
[2, 6, 14]
---------------------------------------------

475.8464221336249
[2, 6, 13]
---------------------------------------------

357.83663769985395
[2, 6, 12]
---------------------------------------------

424.3840651005213
[2, 6, 11]
---------------------------------------------

387.1946748249774
[2, 6, 7]
---------------------------------------------

479.93287259241487
[2, 5, 14]
---------------------------------------------

580.5493701262577
[2, 5, 13]
---------------------------------------------

418.46525287047984
[2, 5, 12]
---------------------------------------------

491.5291775322214
[2, 5, 11]
---------------------------------------------

444.9311787128255
[2, 5, 7]
---------------------------------------------

155.97884397258736
[2, 4, 13]
---------------------------------------------

239.7260217175405
[2, 4, 10]
---------------------------------------------

252.29302012296918
[2, 4, 9]
---------------------------------------------

265.73941149515355
[2, 4, 8]
---------------------------------------------

341.8903682958147
[2, 4, 6]
---------------------------------------------

408.56566882580535
[2, 4, 5]
---------------------------------------------

150.79241291137131
[2, 3, 13]
---------------------------------------------

249.6137496802392
[2, 3, 10]
---------------------------------------------

262.92149796125915
[2, 3, 9]
---------------------------------------------

277.1183839747417
[2, 3, 8]
---------------------------------------------

331.44687990476336
[2, 3, 6]
---------------------------------------------

395.9444764813813
[2, 3, 5]
---------------------------------------------

340.27152240683733
[1, 13, 14]
---------------------------------------------

330.6718784306682
[1, 12, 13]
---------------------------------------------

360.35150447822707
[1, 11, 13]
---------------------------------------------

361.5310220290444
[1, 10, 14]
---------------------------------------------

381.63935939934686
[1, 10, 13]
---------------------------------------------

427.9663736918416
[1, 10, 12]
---------------------------------------------

371.2038689021858
[1, 10, 11]
---------------------------------------------

373.4115594997925
[1, 9, 14]
---------------------------------------------

404.07737601633676
[1, 9, 13]
---------------------------------------------

442.87276274739645
[1, 9, 12]
---------------------------------------------

382.8674865018292
[1, 9, 11]
---------------------------------------------

386.106783435781
[1, 8, 14]
---------------------------------------------

427.6277969611986
[1, 8, 13]
---------------------------------------------

458.62105862839877
[1, 8, 12]
---------------------------------------------

395.35527411713247
[1, 8, 11]
---------------------------------------------

405.8352358963567
[1, 7, 13]
---------------------------------------------

482.28185351533887
[1, 7, 10]
---------------------------------------------

497.3278123167054
[1, 7, 9]
---------------------------------------------

513.2130758813955
[1, 7, 8]
---------------------------------------------

519.4537541144828
[1, 6, 14]
---------------------------------------------

595.0000042357356
[1, 6, 13]
---------------------------------------------

464.1839314283514
[1, 6, 12]
---------------------------------------------

531.8363709360566
[1, 6, 11]
---------------------------------------------

498.342331263437
[1, 6, 7]
---------------------------------------------

592.5249693193186
[1, 5, 14]
---------------------------------------------

707.6144699590809
[1, 5, 13]
---------------------------------------------

527.9715339481709
[1, 5, 12]
---------------------------------------------

604.8373751756695
[1, 5, 11]
---------------------------------------------

560.0785353169916
[1, 5, 7]
---------------------------------------------

211.1715126595513
[1, 4, 13]
---------------------------------------------

311.1172783930685
[1, 4, 10]
---------------------------------------------

325.2066835678197
[1, 4, 9]
---------------------------------------------

340.19225884519386
[1, 4, 8]
---------------------------------------------

439.9264549590813
[1, 4, 6]
---------------------------------------------

511.3599513952795
[1, 4, 5]
---------------------------------------------

193.56832326964042
[1, 3, 13]
---------------------------------------------

314.7682002427177
[1, 3, 10]
---------------------------------------------

329.3187391662383
[1, 3, 9]
---------------------------------------------

344.5642609463732
[1, 3, 8]
---------------------------------------------

422.72013750196277
[1, 3, 6]
---------------------------------------------

492.80880798873017
[1, 3, 5]
---------------------------------------------

Minimum losses for current step: 93.76433230920568
Total load: 7089.642667962145