43.44851499097133
[12, 13, 14]
---------------------------------------------

49.00919688393643
[11, 12, 13]
---------------------------------------------

45.52822194408455
[10, 12, 14]
---------------------------------------------

55.773383868150006
[10, 12, 13]
---------------------------------------------

50.05517800677254
[10, 11, 12]
---------------------------------------------

47.698885859397784
[9, 12, 14]
---------------------------------------------

63.75799080595826
[9, 12, 13]
---------------------------------------------

51.83232193888071
[9, 11, 12]
---------------------------------------------

50.6325993685109
[8, 12, 14]
---------------------------------------------

72.99422917598069
[8, 12, 13]
---------------------------------------------

54.37953060339422
[8, 11, 12]
---------------------------------------------

48.359221685885885
[7, 13, 14]
---------------------------------------------

54.31812624734116
[7, 11, 13]
---------------------------------------------

49.735129513475876
[7, 10, 14]
---------------------------------------------

61.477797523734374
[7, 10, 13]
---------------------------------------------

55.010943676492204
[7, 10, 11]
---------------------------------------------

51.54575772820857
[7, 9, 14]
---------------------------------------------

69.86329722484697
[7, 9, 13]
---------------------------------------------

56.428743940680775
[7, 9, 11]
---------------------------------------------

54.11608967053213
[7, 8, 14]
---------------------------------------------

79.50665420377396
[7, 8, 13]
---------------------------------------------

58.61483022101343
[7, 8, 11]
---------------------------------------------

62.869783282364644
[6, 13, 14]
---------------------------------------------

48.99178314137461
[6, 12, 14]
---------------------------------------------

69.6216377833631
[6, 11, 13]
---------------------------------------------

52.946106079750436
[6, 11, 12]
---------------------------------------------

76.02897212497813
[6, 10, 14]
---------------------------------------------

77.58319893418191
[6, 10, 13]
---------------------------------------------

93.68872988110317
[6, 10, 12]
---------------------------------------------

76.33448299009345
[6, 10, 11]
---------------------------------------------

84.22946981553508
[6, 9, 14]
---------------------------------------------

86.79750401575335
[6, 9, 13]
---------------------------------------------

105.40691634917974
[6, 9, 12]
---------------------------------------------

84.11856043785392
[6, 9, 11]
---------------------------------------------

93.53710176593698
[6, 8, 14]
---------------------------------------------

97.27451576495805
[6, 8, 13]
---------------------------------------------

118.45148356115789
[6, 8, 12]
---------------------------------------------

93.00645769987432
[6, 8, 11]
---------------------------------------------

51.54155288625569
[6, 7, 14]
---------------------------------------------

56.42896452271723
[6, 7, 11]
---------------------------------------------

86.35622251735204
[6, 7, 10]
---------------------------------------------

97.22195290560049
[6, 7, 9]
---------------------------------------------

109.38787594867435
[6, 7, 8]
---------------------------------------------

72.50015219960545
[5, 13, 14]
---------------------------------------------

53.872473540441185
[5, 12, 14]
---------------------------------------------

79.65203771146646
[5, 11, 13]
---------------------------------------------

57.27457327505658
[5, 11, 12]
---------------------------------------------

87.24057466287874
[5, 10, 14]
---------------------------------------------

88.03065156142826
[5, 10, 13]
---------------------------------------------

111.43985474999786
[5, 10, 12]
---------------------------------------------

87.16227925692277
[5, 10, 11]
---------------------------------------------

96.25335845246309
[5, 9, 14]
---------------------------------------------

97.6465968078823
[5, 9, 13]
---------------------------------------------

124.4692415298999
[5, 9, 12]
---------------------------------------------

95.75078087892794
[5, 9, 11]
---------------------------------------------

106.38372914864239
[5, 8, 14]
---------------------------------------------

108.55970604370907
[5, 8, 13]
---------------------------------------------

138.8514059242551
[5, 8, 12]
---------------------------------------------

105.45605517630142
[5, 8, 11]
---------------------------------------------

55.38807814133322
[5, 7, 14]
---------------------------------------------

59.73003988738818
[5, 7, 11]
---------------------------------------------

102.5904370165941
[5, 7, 10]
---------------------------------------------

114.75177087225465
[5, 7, 9]
---------------------------------------------

128.23015788865092
[5, 7, 8]
---------------------------------------------

34.192386976706935
[4, 12, 13]
---------------------------------------------

42.334453114175524
[4, 10, 12]
---------------------------------------------

46.73501285852085
[4, 9, 12]
---------------------------------------------

51.94200513459028
[4, 8, 12]
---------------------------------------------

36.978769255543895
[4, 7, 13]
---------------------------------------------

42.33056124511684
[4, 7, 10]
---------------------------------------------

46.35764817762063
[4, 7, 9]
---------------------------------------------

51.184278172617155
[4, 7, 8]
---------------------------------------------

47.149869746979554
[4, 6, 13]
---------------------------------------------

49.13487360226993
[4, 6, 12]
---------------------------------------------

92.53951557184666
[4, 6, 10]
---------------------------------------------

103.24505235423408
[4, 6, 9]
---------------------------------------------

115.0938054354625
[4, 6, 8]
---------------------------------------------

46.381326973751385
[4, 6, 7]
---------------------------------------------

54.56305854767541
[4, 5, 13]
---------------------------------------------

57.23499080088494
[4, 5, 12]
---------------------------------------------

106.1130537234538
[4, 5, 10]
---------------------------------------------

117.67411923510662
[4, 5, 9]
---------------------------------------------

130.38695988725644
[4, 5, 8]
---------------------------------------------

53.405303502312506
[4, 5, 7]
---------------------------------------------

43.68629686903656
[3, 12, 13]
---------------------------------------------

55.01238502694249
[3, 10, 12]
---------------------------------------------

60.60062798920273
[3, 9, 12]
---------------------------------------------

66.9879032837711
[3, 8, 12]
---------------------------------------------

45.44865361666645
[3, 7, 13]
---------------------------------------------

52.89241173589415
[3, 7, 10]
---------------------------------------------

58.097148539027614
[3, 7, 9]
---------------------------------------------

64.09766424296626
[3, 7, 8]
---------------------------------------------

53.52779930826776
[3, 6, 13]
---------------------------------------------

63.56965026639577
[3, 6, 12]
---------------------------------------------

112.75846401116053
[3, 6, 10]
---------------------------------------------

124.805450230082
[3, 6, 9]
---------------------------------------------

138.04196924124577
[3, 6, 8]
---------------------------------------------

58.12645300388358
[3, 6, 7]
---------------------------------------------

59.87465524506285
[3, 5, 13]
---------------------------------------------

73.36273428105842
[3, 5, 12]
---------------------------------------------

127.64543967807836
[3, 5, 10]
---------------------------------------------

140.56385794798578
[3, 5, 9]
---------------------------------------------

154.68772470684792
[3, 5, 8]
---------------------------------------------

66.82282462943748
[3, 5, 7]
---------------------------------------------

80.68741083825456
[2, 13, 14]
---------------------------------------------

92.31234458508452
[2, 12, 13]
---------------------------------------------

91.28194668966584
[2, 11, 13]
---------------------------------------------

90.4401460917908
[2, 10, 14]
---------------------------------------------

103.43726728648977
[2, 10, 13]
---------------------------------------------

110.43144918997594
[2, 10, 12]
---------------------------------------------

96.43474066589374
[2, 10, 11]
---------------------------------------------

96.47960277744662
[2, 9, 14]
---------------------------------------------

117.21350273753266
[2, 9, 13]
---------------------------------------------

118.53880696445017
[2, 9, 12]
---------------------------------------------

102.36741711398616
[2, 9, 11]
---------------------------------------------

103.31932456463134
[2, 8, 14]
---------------------------------------------

132.6672001034556
[2, 8, 13]
---------------------------------------------

127.47577975077513
[2, 8, 12]
---------------------------------------------

109.10054140415988
[2, 8, 11]
---------------------------------------------

110.29695179114826
[2, 7, 13]
---------------------------------------------

123.4038041659125
[2, 7, 10]
---------------------------------------------

131.77751793720057
[2, 7, 9]
---------------------------------------------

140.97732392517554
[2, 7, 8]
---------------------------------------------

144.0873380615852
[2, 6, 14]
---------------------------------------------

156.3562762409575
[2, 6, 13]
---------------------------------------------

122.79761835167098
[2, 6, 12]
---------------------------------------------

153.51870358425083
[2, 6, 11]
---------------------------------------------

131.84917404151113
[2, 6, 7]
---------------------------------------------

160.5833611556549
[2, 5, 14]
---------------------------------------------

183.01923914370488
[2, 5, 13]
---------------------------------------------

136.22729979974525
[2, 5, 12]
---------------------------------------------

170.04751070197497
[2, 5, 11]
---------------------------------------------

145.07041175609064
[2, 5, 7]
---------------------------------------------

49.555595015786274
[2, 4, 13]
---------------------------------------------

75.12164140539615
[2, 4, 10]
---------------------------------------------

81.87871095404334
[2, 4, 9]
---------------------------------------------

89.44207145596017
[2, 4, 8]
---------------------------------------------

111.16778599279532
[2, 4, 6]
---------------------------------------------

126.21061100638559
[2, 4, 5]
---------------------------------------------

51.77129717853464
[2, 3, 13]
---------------------------------------------

79.03475542506769
[2, 3, 10]
---------------------------------------------

86.2018968340803
[2, 3, 9]
---------------------------------------------

94.17938558852359
[2, 3, 8]
---------------------------------------------

107.00461256609753
[2, 3, 6]
---------------------------------------------

121.42567824870517
[2, 3, 5]
---------------------------------------------

107.54658083338023
[1, 13, 14]
---------------------------------------------

132.38316317472564
[1, 12, 13]
---------------------------------------------

119.87440569013313
[1, 11, 13]
---------------------------------------------

118.94474762300514
[1, 10, 14]
---------------------------------------------

133.7817377667029
[1, 10, 13]
---------------------------------------------

154.10280541604024
[1, 10, 12]
---------------------------------------------

125.86200085393952
[1, 10, 11]
---------------------------------------------

125.81669289556517
[1, 9, 14]
---------------------------------------------

149.35487756238166
[1, 9, 13]
---------------------------------------------

163.56477032308274
[1, 9, 12]
---------------------------------------------

132.63192783407115
[1, 9, 11]
---------------------------------------------

133.49705012418372
[1, 8, 14]
---------------------------------------------

166.69256546641165
[1, 8, 13]
---------------------------------------------

173.87259724242332
[1, 8, 12]
---------------------------------------------

140.21091163041638
[1, 8, 11]
---------------------------------------------

154.90993722022174
[1, 7, 13]
---------------------------------------------

170.45210880538752
[1, 7, 10]
---------------------------------------------

180.08533263650955
[1, 7, 9]
---------------------------------------------

190.25181328357155
[1, 7, 8]
---------------------------------------------

190.29426338085062
[1, 6, 14]
---------------------------------------------

206.80433202917888
[1, 6, 13]
---------------------------------------------

168.54009002237942
[1, 6, 12]
---------------------------------------------

200.04152643657991
[1, 6, 11]
---------------------------------------------

180.15365549888324
[1, 6, 7]
---------------------------------------------

208.40348101071262
[1, 5, 14]
---------------------------------------------

235.47874214630795
[1, 5, 13]
---------------------------------------------

183.91099513773167
[1, 5, 12]
---------------------------------------------

218.09236460497428
[1, 5, 11]
---------------------------------------------

194.667172745911
[1, 5, 7]
---------------------------------------------

67.17863228775549
[1, 4, 13]
---------------------------------------------

98.85016043815756
[1, 4, 10]
---------------------------------------------

106.43425407179504
[1, 4, 9]
---------------------------------------------

114.82879692225337
[1, 4, 8]
---------------------------------------------

150.10006110596663
[1, 4, 6]
---------------------------------------------

167.68386151444676
[1, 4, 5]
---------------------------------------------

65.04473466602764
[1, 3, 13]
---------------------------------------------

100.58911445627847
[1, 3, 10]
---------------------------------------------

108.58032451140558
[1, 3, 9]
---------------------------------------------

117.38521607561702
[1, 3, 8]
---------------------------------------------

142.28470594105795
[1, 3, 6]
---------------------------------------------

159.18570881365764
[1, 3, 5]
---------------------------------------------

Minimum losses for current step: 34.192386976706935
Total load: 4102.169319872036