102.68493386404687
[12, 13, 14]
---------------------------------------------

111.41698393430097
[11, 12, 13]
---------------------------------------------

108.48082985460711
[10, 12, 14]
---------------------------------------------

121.39312548014607
[10, 12, 13]
---------------------------------------------

114.29802137508534
[10, 11, 12]
---------------------------------------------

112.52118151536237
[9, 12, 14]
---------------------------------------------

132.63937150713213
[9, 12, 13]
---------------------------------------------

117.9443809823429
[9, 11, 12]
---------------------------------------------

117.34349600139456
[8, 12, 14]
---------------------------------------------

145.19461944760445
[8, 12, 13]
---------------------------------------------

122.36971117931837
[8, 11, 12]
---------------------------------------------

117.29455609387918
[7, 13, 14]
---------------------------------------------

126.97617502384101
[7, 11, 13]
---------------------------------------------

121.43460358237037
[7, 10, 14]
---------------------------------------------

137.9084606930302
[7, 10, 13]
---------------------------------------------

129.02683090820187
[7, 10, 11]
---------------------------------------------

124.63111606581015
[7, 9, 14]
---------------------------------------------

150.12425249966924
[7, 9, 13]
---------------------------------------------

131.83491284581618
[7, 9, 11]
---------------------------------------------

128.60163618733665
[7, 8, 14]
---------------------------------------------

163.66439959840173
[7, 8, 13]
---------------------------------------------

135.41382703817297
[7, 8, 11]
---------------------------------------------

171.74387851124285
[6, 13, 14]
---------------------------------------------

117.87036613838566
[6, 12, 14]
---------------------------------------------

183.3846235392561
[6, 11, 13]
---------------------------------------------

122.85736565250598
[6, 11, 12]
---------------------------------------------

195.86860948934884
[6, 10, 14]
---------------------------------------------

196.3646089542645
[6, 10, 13]
---------------------------------------------

254.7416659383834
[6, 10, 12]
---------------------------------------------

195.67391057789726
[6, 10, 11]
---------------------------------------------

209.71871843776285
[6, 9, 14]
---------------------------------------------

210.6097813831454
[6, 9, 13]
---------------------------------------------

273.534285498495
[6, 9, 12]
---------------------------------------------

209.02933134823496
[6, 9, 11]
---------------------------------------------

224.71821228334727
[6, 8, 14]
---------------------------------------------

226.24407840782317
[6, 8, 13]
---------------------------------------------

293.0206299997508
[6, 8, 12]
---------------------------------------------

223.57366722807302
[6, 8, 11]
---------------------------------------------

124.65829057192151
[6, 7, 14]
---------------------------------------------

131.8599090470759
[6, 7, 11]
---------------------------------------------

225.91675747567595
[6, 7, 10]
---------------------------------------------

244.04477702364719
[6, 7, 9]
---------------------------------------------

262.6791176998937
[6, 7, 8]
---------------------------------------------

212.06837796668623
[5, 13, 14]
---------------------------------------------

139.0711324897541
[5, 12, 14]
---------------------------------------------

224.74800388522095
[5, 11, 13]
---------------------------------------------

142.72690343405833
[5, 11, 12]
---------------------------------------------

240.2277999191828
[5, 10, 14]
---------------------------------------------

238.7660857195218
[5, 10, 13]
---------------------------------------------

319.72548417794627
[5, 10, 12]
---------------------------------------------

239.01120230298022
[5, 10, 11]
---------------------------------------------

256.07177082671046
[5, 9, 14]
---------------------------------------------

254.0947065315403
[5, 9, 13]
---------------------------------------------

340.183421089764
[5, 9, 12]
---------------------------------------------

254.39928339589315
[5, 9, 11]
---------------------------------------------

273.1593334471702
[5, 8, 14]
---------------------------------------------

270.7719614248754
[5, 8, 13]
---------------------------------------------

361.546116204273
[5, 8, 12]
---------------------------------------------

271.01009830488806
[5, 8, 11]
---------------------------------------------

140.2308146789001
[5, 7, 14]
---------------------------------------------

146.1332284647058
[5, 7, 11]
---------------------------------------------

287.106269560625
[5, 7, 10]
---------------------------------------------

306.3756169121888
[5, 7, 9]
---------------------------------------------

326.63808805892
[5, 7, 8]
---------------------------------------------

77.12834981147756
[4, 12, 13]
---------------------------------------------

107.91810918520007
[4, 10, 12]
---------------------------------------------

115.41506948863217
[4, 9, 12]
---------------------------------------------

123.72643756256075
[4, 8, 12]
---------------------------------------------

84.2962928304489
[4, 7, 13]
---------------------------------------------

106.1892630715014
[4, 7, 10]
---------------------------------------------

112.78557823935887
[4, 7, 9]
---------------------------------------------

120.19012179504058
[4, 7, 8]
---------------------------------------------

123.23835081878153
[4, 6, 13]
---------------------------------------------

124.77878663773687
[4, 6, 12]
---------------------------------------------

238.25104519023571
[4, 6, 10]
---------------------------------------------

255.21010609210563
[4, 6, 9]
---------------------------------------------

273.1543881445786
[4, 6, 8]
---------------------------------------------

112.9731139577931
[4, 6, 7]
---------------------------------------------

155.36491196422358
[4, 5, 13]
---------------------------------------------

157.52183520752536
[4, 5, 12]
---------------------------------------------

288.69645316168845
[4, 5, 10]
---------------------------------------------

307.05975367200296
[4, 5, 9]
---------------------------------------------

326.2584015085385
[4, 5, 8]
---------------------------------------------

139.6974163753946
[4, 5, 7]
---------------------------------------------

95.55388577084484
[3, 12, 13]
---------------------------------------------

139.78599330310806
[3, 10, 12]
---------------------------------------------

149.15861632260305
[3, 9, 12]
---------------------------------------------

159.35265124760832
[3, 8, 12]
---------------------------------------------

99.21807569750541
[3, 7, 13]
---------------------------------------------

130.65609930986335
[3, 7, 10]
---------------------------------------------

139.09249176575977
[3, 7, 9]
---------------------------------------------

148.34944426317193
[3, 7, 8]
---------------------------------------------

130.8157160117523
[3, 6, 13]
---------------------------------------------

160.71653086942763
[3, 6, 12]
---------------------------------------------

281.00440658411463
[3, 6, 10]
---------------------------------------------

298.8899331571864
[3, 6, 9]
---------------------------------------------

317.66774143097604
[3, 6, 8]
---------------------------------------------

139.3504477523739
[3, 6, 7]
---------------------------------------------

159.1029635186061
[3, 5, 13]
---------------------------------------------

199.7533245496646
[3, 5, 12]
---------------------------------------------

333.5370252524084
[3, 5, 10]
---------------------------------------------

352.7142964665767
[3, 5, 9]
---------------------------------------------

372.65920872094085
[3, 5, 8]
---------------------------------------------

172.14392955033986
[3, 5, 7]
---------------------------------------------

213.12550902672783
[2, 13, 14]
---------------------------------------------

199.33253454780763
[2, 12, 13]
---------------------------------------------

230.80175553620677
[2, 11, 13]
---------------------------------------------

230.89410495816088
[2, 10, 14]
---------------------------------------------

249.2415968572112
[2, 10, 13]
---------------------------------------------

268.2180187584113
[2, 10, 12]
---------------------------------------------

239.76595106243732
[2, 10, 11]
---------------------------------------------

240.8708241432922
[2, 9, 14]
---------------------------------------------

268.86661030068507
[2, 9, 13]
---------------------------------------------

280.5515607507647
[2, 9, 12]
---------------------------------------------

249.44550532685113
[2, 9, 11]
---------------------------------------------

251.6369491330666
[2, 8, 14]
---------------------------------------------

289.3778889749986
[2, 8, 13]
---------------------------------------------

293.7218097259382
[2, 8, 12]
---------------------------------------------

259.95542575220117
[2, 8, 11]
---------------------------------------------

253.36277482359955
[2, 7, 13]
---------------------------------------------

307.4795432405135
[2, 7, 10]
---------------------------------------------

320.04695284532244
[2, 7, 9]
---------------------------------------------

333.44682334355497
[2, 7, 8]
---------------------------------------------

342.8875889884332
[2, 6, 14]
---------------------------------------------

393.5698353334904
[2, 6, 13]
---------------------------------------------

295.785125410278
[2, 6, 12]
---------------------------------------------

353.9953064512822
[2, 6, 11]
---------------------------------------------

320.61941978495713
[2, 6, 7]
---------------------------------------------

397.0561301485703
[2, 5, 14]
---------------------------------------------

478.3731875293696
[2, 5, 13]
---------------------------------------------

344.39071149093206
[2, 5, 12]
---------------------------------------------

408.13809279182396
[2, 5, 11]
---------------------------------------------

366.60182969395095
[2, 5, 7]
---------------------------------------------

126.19859627859394
[2, 4, 13]
---------------------------------------------

193.7578615813776
[2, 4, 10]
---------------------------------------------

205.00977260728814
[2, 4, 9]
---------------------------------------------

217.07329644364486
[2, 4, 8]
---------------------------------------------

280.91283878995154
[2, 4, 6]
---------------------------------------------

334.9041084068605
[2, 4, 5]
---------------------------------------------

123.23213604071499
[2, 3, 13]
---------------------------------------------

201.9971584048748
[2, 3, 10]
---------------------------------------------

213.85298387811508
[2, 3, 9]
---------------------------------------------

226.58117220832528
[2, 3, 8]
---------------------------------------------

271.2383638654046
[2, 3, 6]
---------------------------------------------

325.0620026260444
[2, 3, 5]
---------------------------------------------

277.63395863637595
[1, 13, 14]
---------------------------------------------

278.4089904261155
[1, 12, 13]
---------------------------------------------

296.5259323458675
[1, 11, 13]
---------------------------------------------

297.0943489558351
[1, 10, 14]
---------------------------------------------

316.61328362439525
[1, 10, 13]
---------------------------------------------

356.1222339397326
[1, 10, 12]
---------------------------------------------

306.5086913289398
[1, 10, 11]
---------------------------------------------

308.08168158089234
[1, 9, 14]
---------------------------------------------

337.63944834195513
[1, 9, 13]
---------------------------------------------

369.73734633791213
[1, 9, 12]
---------------------------------------------

317.19493205713525
[1, 9, 11]
---------------------------------------------

319.7859726352002
[1, 8, 14]
---------------------------------------------

359.61120739672856
[1, 8, 13]
---------------------------------------------

384.1133927726495
[1, 8, 12]
---------------------------------------------

328.6619591301911
[1, 8, 11]
---------------------------------------------

340.11940010334473
[1, 7, 13]
---------------------------------------------

400.7946782534898
[1, 7, 10]
---------------------------------------------

414.49546529015186
[1, 7, 9]
---------------------------------------------

429.0256923714669
[1, 7, 8]
---------------------------------------------

433.48124510489623
[1, 6, 14]
---------------------------------------------

494.90904640093
[1, 6, 13]
---------------------------------------------

386.485583515609
[1, 6, 12]
---------------------------------------------

445.32886146735774
[1, 6, 11]
---------------------------------------------

415.19131668529076
[1, 6, 7]
---------------------------------------------

492.33097316092164
[1, 5, 14]
---------------------------------------------

586.379667411396
[1, 5, 13]
---------------------------------------------

438.69912986226916
[1, 5, 12]
---------------------------------------------

504.13418820423675
[1, 5, 11]
---------------------------------------------

464.944913336965
[1, 5, 7]
---------------------------------------------

170.72754988381462
[1, 4, 13]
---------------------------------------------

251.61779438584276
[1, 4, 10]
---------------------------------------------

264.15911403192916
[1, 4, 9]
---------------------------------------------

277.5791462781897
[1, 4, 8]
---------------------------------------------

364.4383309347967
[1, 4, 6]
---------------------------------------------

423.04221491652726
[1, 4, 5]
---------------------------------------------

157.65720429953743
[1, 3, 13]
---------------------------------------------

254.7898364338635
[1, 3, 10]
---------------------------------------------

267.97869004819216
[1, 3, 9]
---------------------------------------------

282.054300889896
[1, 3, 8]
---------------------------------------------

350.63686022972325
[1, 3, 6]
---------------------------------------------

407.44996979827926
[1, 3, 5]
---------------------------------------------

Minimum losses for current step: 77.12834981147756
Total load: 6419.03091316389