83.77905358567514
[12, 13, 14]
---------------------------------------------

92.01500343478564
[11, 12, 13]
---------------------------------------------

87.00777300160519
[10, 12, 14]
---------------------------------------------

101.48684453051786
[10, 12, 13]
---------------------------------------------

93.64299839139098
[10, 11, 12]
---------------------------------------------

89.75108420477046
[9, 12, 14]
---------------------------------------------

112.22068205991974
[9, 12, 13]
---------------------------------------------

95.97402974665177
[9, 11, 12]
---------------------------------------------

93.26338163266074
[8, 12, 14]
---------------------------------------------

124.25391504789651
[8, 12, 13]
---------------------------------------------

99.09692958963193
[8, 11, 12]
---------------------------------------------

93.58165076931606
[7, 13, 14]
---------------------------------------------

102.39212425106578
[7, 11, 13]
---------------------------------------------

95.81407707681137
[7, 10, 14]
---------------------------------------------

112.44299034166984
[7, 10, 13]
---------------------------------------------

103.49533331598148
[7, 10, 11]
---------------------------------------------

98.05061588930896
[7, 9, 14]
---------------------------------------------

123.7639389570253
[7, 9, 13]
---------------------------------------------

105.3491441313879
[7, 9, 11]
---------------------------------------------

101.05152882619281
[7, 8, 14]
---------------------------------------------

136.39353386588914
[7, 8, 13]
---------------------------------------------

107.96394306581514
[7, 8, 11]
---------------------------------------------

122.51311134647224
[6, 13, 14]
---------------------------------------------

91.99138048074704
[6, 12, 14]
---------------------------------------------

132.49155354531493
[6, 11, 13]
---------------------------------------------

97.96787677595671
[6, 11, 12]
---------------------------------------------

141.46002611437243
[6, 10, 14]
---------------------------------------------

143.73212267088698
[6, 10, 13]
---------------------------------------------

174.13094381240614
[6, 10, 12]
---------------------------------------------

142.13202817735214
[6, 10, 11]
---------------------------------------------

152.62728861077005
[6, 9, 14]
---------------------------------------------

156.29011300142759
[6, 9, 13]
---------------------------------------------

190.40211774629086
[6, 9, 12]
---------------------------------------------

152.8576390987754
[6, 9, 11]
---------------------------------------------

164.93266601901686
[6, 8, 14]
---------------------------------------------

170.15569065625232
[6, 8, 13]
---------------------------------------------

208.14749550074688
[6, 8, 12]
---------------------------------------------

164.73248162353346
[6, 8, 11]
---------------------------------------------

98.04329217903064
[6, 7, 14]
---------------------------------------------

105.34999177698693
[6, 7, 11]
---------------------------------------------

160.01458204973122
[6, 7, 10]
---------------------------------------------

174.9859206271104
[6, 7, 9]
---------------------------------------------

191.35193552149133
[6, 7, 8]
---------------------------------------------

141.7656531901711
[5, 13, 14]
---------------------------------------------

100.67309234605372
[5, 12, 14]
---------------------------------------------

152.31957533938302
[5, 11, 13]
---------------------------------------------

105.86589597657708
[5, 11, 12]
---------------------------------------------

163.0155986802399
[5, 10, 14]
---------------------------------------------

164.19366400368006
[5, 10, 13]
---------------------------------------------

208.89416117392722
[5, 10, 12]
---------------------------------------------

163.14967216579336
[5, 10, 11]
---------------------------------------------

175.38671962881068
[5, 9, 14]
---------------------------------------------

177.36508662269702
[5, 9, 13]
---------------------------------------------

226.47658749626018
[5, 9, 12]
---------------------------------------------

175.05858966734664
[5, 9, 11]
---------------------------------------------

188.903293322962
[5, 8, 14]
---------------------------------------------

191.8635704419018
[5, 8, 13]
---------------------------------------------

244.8943350632716
[5, 8, 12]
---------------------------------------------

188.13361873603935
[5, 8, 11]
---------------------------------------------

104.6836468449132
[5, 7, 14]
---------------------------------------------

111.21850037056929
[5, 7, 11]
---------------------------------------------

191.58955923458714
[5, 7, 10]
---------------------------------------------

208.49533865077618
[5, 7, 9]
---------------------------------------------

226.71130536029742
[5, 7, 8]
---------------------------------------------

61.24149329544814
[4, 12, 13]
---------------------------------------------

77.64916218530638
[4, 10, 12]
---------------------------------------------

83.58904285089655
[4, 9, 12]
---------------------------------------------

90.33119824498542
[4, 8, 12]
---------------------------------------------

66.74442033105993
[4, 7, 13]
---------------------------------------------

78.0313346020158
[4, 7, 10]
---------------------------------------------

83.4336669435542
[4, 7, 9]
---------------------------------------------

89.63374101241371
[4, 7, 8]
---------------------------------------------

86.86369751157532
[4, 6, 13]
---------------------------------------------

88.0549175972555
[4, 6, 12]
---------------------------------------------

171.98334707595868
[4, 6, 10]
---------------------------------------------

186.82638892653563
[4, 6, 9]
---------------------------------------------

202.90512597216247
[4, 6, 8]
---------------------------------------------

83.49644185321047
[4, 6, 7]
---------------------------------------------

101.55897572970977
[4, 5, 13]
---------------------------------------------

103.18454526216605
[4, 5, 12]
---------------------------------------------

198.4755106036294
[4, 5, 10]
---------------------------------------------

214.5955904478242
[4, 5, 9]
---------------------------------------------

231.76555270362874
[4, 5, 8]
---------------------------------------------

96.46848160144967
[4, 5, 7]
---------------------------------------------

78.09864936507597
[3, 12, 13]
---------------------------------------------

101.57784632259796
[3, 10, 12]
---------------------------------------------

109.23824268447973
[3, 9, 12]
---------------------------------------------

117.715326255559
[3, 8, 12]
---------------------------------------------

81.57468335946557
[3, 7, 13]
---------------------------------------------

97.71785067679963
[3, 7, 10]
---------------------------------------------

104.82214463441856
[3, 7, 9]
---------------------------------------------

112.74032727829868
[3, 7, 8]
---------------------------------------------

97.50780451249543
[3, 6, 13]
---------------------------------------------

114.90729214396315
[3, 6, 12]
---------------------------------------------

210.8140717311258
[3, 6, 10]
---------------------------------------------

226.73646082181352
[3, 6, 9]
---------------------------------------------

243.55447755009055
[3, 6, 8]
---------------------------------------------

104.90603203035167
[3, 6, 7]
---------------------------------------------

110.05240514051951
[3, 5, 13]
---------------------------------------------

133.50027324615897
[3, 5, 12]
---------------------------------------------

238.31714849758237
[3, 5, 10]
---------------------------------------------

255.15807895759679
[3, 5, 9]
---------------------------------------------

272.910071741962
[3, 5, 8]
---------------------------------------------

121.27220435866285
[3, 5, 7]
---------------------------------------------

158.97058569825126
[2, 13, 14]
---------------------------------------------

172.1122165569716
[2, 12, 13]
---------------------------------------------

174.6242975342232
[2, 11, 13]
---------------------------------------------

173.33208035628516
[2, 10, 14]
---------------------------------------------

191.94232338602137
[2, 10, 13]
---------------------------------------------

210.03792221363344
[2, 10, 12]
---------------------------------------------

182.117727058348
[2, 10, 11]
---------------------------------------------

181.69585358307035
[2, 9, 14]
---------------------------------------------

210.52721454637697
[2, 9, 13]
---------------------------------------------

220.97316096817752
[2, 9, 12]
---------------------------------------------

190.38568988999538
[2, 9, 11]
---------------------------------------------

190.8833173339348
[2, 8, 14]
---------------------------------------------

229.83656644106532
[2, 8, 13]
---------------------------------------------

232.54569788374212
[2, 8, 12]
---------------------------------------------

199.47712989320692
[2, 8, 11]
---------------------------------------------

205.93685715973683
[2, 7, 13]
---------------------------------------------

233.39069914611946
[2, 7, 10]
---------------------------------------------

244.30389195793157
[2, 7, 9]
---------------------------------------------

256.0435788369856
[2, 7, 8]
---------------------------------------------

266.2575873271082
[2, 6, 14]
---------------------------------------------

284.8060161883282
[2, 6, 13]
---------------------------------------------

228.88363465014774
[2, 6, 12]
---------------------------------------------

277.1183920069765
[2, 6, 11]
---------------------------------------------

244.49510029971196
[2, 6, 7]
---------------------------------------------

294.98777745118423
[2, 5, 14]
---------------------------------------------

330.0423118538496
[2, 5, 13]
---------------------------------------------

253.59153468026497
[2, 5, 12]
---------------------------------------------

305.78180036358896
[2, 5, 11]
---------------------------------------------

268.3930712392535
[2, 5, 7]
---------------------------------------------

91.7329976094867
[2, 4, 13]
---------------------------------------------

140.68109514539074
[2, 4, 10]
---------------------------------------------

150.05530206402614
[2, 4, 9]
---------------------------------------------

160.24600383619767
[2, 4, 8]
---------------------------------------------

207.5928742842447
[2, 4, 6]
---------------------------------------------

236.85134821075619
[2, 4, 5]
---------------------------------------------

94.05973307662508
[2, 3, 13]
---------------------------------------------

147.97596993518343
[2, 3, 10]
---------------------------------------------

157.96250270389737
[2, 3, 9]
---------------------------------------------

168.7663482968834
[2, 3, 8]
---------------------------------------------

198.68270639217752
[2, 3, 6]
---------------------------------------------

226.88706285757334
[2, 3, 5]
---------------------------------------------

213.42245703190284
[1, 13, 14]
---------------------------------------------

245.53316820249512
[1, 12, 13]
---------------------------------------------

231.28997244606413
[1, 11, 13]
---------------------------------------------

230.13193974681533
[1, 10, 14]
---------------------------------------------

249.86359840842505
[1, 10, 13]
---------------------------------------------

287.6683893697834
[1, 10, 12]
---------------------------------------------

239.66436683479895
[1, 10, 11]
---------------------------------------------

239.5754336226983
[1, 9, 14]
---------------------------------------------

269.6383551140131
[1, 9, 13]
---------------------------------------------

299.63931616155077
[1, 9, 12]
---------------------------------------------

248.82258768064966
[1, 9, 11]
---------------------------------------------

249.74789470840068
[1, 8, 14]
---------------------------------------------

290.3562774865733
[1, 8, 13]
---------------------------------------------

312.43872379833806
[1, 8, 12]
---------------------------------------------

258.80556457030025
[1, 8, 11]
---------------------------------------------

283.498806896107
[1, 7, 13]
---------------------------------------------

314.16430911059086
[1, 7, 10]
---------------------------------------------

326.26639856429796
[1, 7, 9]
---------------------------------------------

339.1945523817786
[1, 7, 8]
---------------------------------------------

344.54268557894846
[1, 6, 14]
---------------------------------------------

371.3569373519335
[1, 6, 13]
---------------------------------------------

308.44735970049
[1, 6, 12]
---------------------------------------------

356.11431544369566
[1, 6, 11]
---------------------------------------------

326.51277106127003
[1, 6, 7]
---------------------------------------------

376.69199435025524
[1, 5, 14]
---------------------------------------------

421.2103815354625
[1, 5, 13]
---------------------------------------------

335.59481577705054
[1, 5, 12]
---------------------------------------------

388.26983713948385
[1, 5, 11]
---------------------------------------------

352.7356267775966
[1, 5, 7]
---------------------------------------------

126.86077816067616
[1, 4, 13]
---------------------------------------------

187.50051807948
[1, 4, 10]
---------------------------------------------

198.12330624907437
[1, 4, 9]
---------------------------------------------

209.5538592396027
[1, 4, 8]
---------------------------------------------

280.53957728082236
[1, 4, 6]
---------------------------------------------

312.20040529421146
[1, 4, 5]
---------------------------------------------

120.37858048371636
[1, 3, 13]
---------------------------------------------

190.42867055160147
[1, 3, 10]
---------------------------------------------

201.60059355906333
[1, 3, 9]
---------------------------------------------

213.63638490641992
[1, 3, 8]
---------------------------------------------

267.78844585415493
[1, 3, 6]
---------------------------------------------

299.558182791121
[1, 3, 5]
---------------------------------------------

Minimum losses for current step: 61.24149329544814
Total load: 5472.62513575854