67.51681496927476
[12, 13, 14]
---------------------------------------------

74.75275709739968
[11, 12, 13]
---------------------------------------------

70.3149449275311
[10, 12, 14]
---------------------------------------------

83.22598156866563
[10, 12, 13]
---------------------------------------------

76.16856325123476
[10, 11, 12]
---------------------------------------------

72.85091439110715
[9, 12, 14]
---------------------------------------------

92.94580697706718
[9, 12, 13]
---------------------------------------------

78.3000896631661
[9, 11, 12]
---------------------------------------------

76.15372720877335
[8, 12, 14]
---------------------------------------------

103.94730589479178
[8, 12, 13]
---------------------------------------------

81.21442990522768
[8, 11, 12]
---------------------------------------------

75.32588728290864
[7, 13, 14]
---------------------------------------------

83.08326919517162
[7, 11, 13]
---------------------------------------------

77.24624230418645
[7, 10, 14]
---------------------------------------------

92.067215647415
[7, 10, 13]
---------------------------------------------

84.05565322506656
[7, 10, 11]
---------------------------------------------

79.3287548525125
[7, 9, 14]
---------------------------------------------

102.3048436915543
[7, 9, 13]
---------------------------------------------

85.73358490729538
[7, 9, 11]
---------------------------------------------

82.17387219254091
[7, 8, 14]
---------------------------------------------

113.83226531466093
[7, 8, 13]
---------------------------------------------

88.1931592478297
[7, 8, 11]
---------------------------------------------

98.42268872894893
[6, 13, 14]
---------------------------------------------

74.71990649349411
[6, 12, 14]
---------------------------------------------

107.20935396169186
[6, 11, 13]
---------------------------------------------

79.94633418120435
[6, 11, 12]
---------------------------------------------

115.23614436704501
[6, 10, 14]
---------------------------------------------

117.23654630433256
[6, 10, 13]
---------------------------------------------

141.87375292618188
[6, 10, 12]
---------------------------------------------

115.76613337498043
[6, 10, 11]
---------------------------------------------

125.3070817117662
[6, 9, 14]
---------------------------------------------

128.55724028056207
[6, 9, 13]
---------------------------------------------

156.4543323114909
[6, 9, 12]
---------------------------------------------

125.4062892733922
[6, 9, 11]
---------------------------------------------

136.50654872941698
[6, 8, 14]
---------------------------------------------

141.16965388769702
[6, 8, 13]
---------------------------------------------

172.41607379528617
[6, 8, 12]
---------------------------------------------

136.1787026434239
[6, 8, 11]
---------------------------------------------

79.32257603604484
[6, 7, 14]
---------------------------------------------

85.73435197293118
[6, 7, 11]
---------------------------------------------

130.4769085996672
[6, 7, 10]
---------------------------------------------

143.9508754243479
[6, 7, 9]
---------------------------------------------

158.7595316533249
[6, 7, 8]
---------------------------------------------

113.77980522841568
[5, 13, 14]
---------------------------------------------

81.90388377575441
[5, 12, 14]
---------------------------------------------

123.07904740591822
[5, 11, 13]
---------------------------------------------

86.43108089928334
[5, 11, 12]
---------------------------------------------

132.63025717797055
[5, 10, 14]
---------------------------------------------

133.65672057422523
[5, 10, 13]
---------------------------------------------

169.72860077725443
[5, 10, 12]
---------------------------------------------

132.67641938505008
[5, 10, 11]
---------------------------------------------

143.75748361988988
[5, 9, 14]
---------------------------------------------

145.49512150039115
[5, 9, 13]
---------------------------------------------

186.09830995568043
[5, 9, 12]
---------------------------------------------

143.35954824402128
[5, 9, 11]
---------------------------------------------

156.02306981782718
[5, 8, 14]
---------------------------------------------

158.68264929944073
[5, 8, 13]
---------------------------------------------

203.84413683075883
[5, 8, 12]
---------------------------------------------

155.19217126338484
[5, 8, 11]
---------------------------------------------

84.8696525211976
[5, 7, 14]
---------------------------------------------

90.59223428555039
[5, 7, 11]
---------------------------------------------

155.88321824070505
[5, 7, 10]
---------------------------------------------

171.0175027466241
[5, 7, 9]
---------------------------------------------

187.55224221570683
[5, 7, 8]
---------------------------------------------

50.46583295861393
[4, 12, 13]
---------------------------------------------

63.55669692444575
[4, 10, 12]
---------------------------------------------

68.9363827402944
[4, 9, 12]
---------------------------------------------

75.11294008447841
[4, 8, 12]
---------------------------------------------

54.87278640452417
[4, 7, 13]
---------------------------------------------

63.7714840967685
[4, 7, 10]
---------------------------------------------

68.65969075350141
[4, 7, 9]
---------------------------------------------

74.36777670145993
[4, 7, 8]
---------------------------------------------

70.98308383783336
[4, 6, 13]
---------------------------------------------

72.57156694897613
[4, 6, 12]
---------------------------------------------

140.12186771544947
[4, 6, 10]
---------------------------------------------

153.42206344453956
[4, 6, 9]
---------------------------------------------

167.92971442055486
[4, 6, 8]
---------------------------------------------

68.71443422865065
[4, 6, 7]
---------------------------------------------

82.74315596970816
[4, 5, 13]
---------------------------------------------

84.89464846221549
[4, 5, 12]
---------------------------------------------

161.39240261063838
[4, 5, 10]
---------------------------------------------

175.80763457069008
[4, 5, 9]
---------------------------------------------

191.45077982701932
[4, 5, 8]
---------------------------------------------

79.31723678968052
[4, 5, 7]
---------------------------------------------

64.39131429829916
[3, 12, 13]
---------------------------------------------

82.95500916473148
[3, 10, 12]
---------------------------------------------

89.85207741351938
[3, 9, 12]
---------------------------------------------

97.56009111672655
[3, 8, 12]
---------------------------------------------

67.17556066461026
[3, 7, 13]
---------------------------------------------

79.79006811964099
[3, 7, 10]
---------------------------------------------

86.1951023079673
[3, 7, 9]
---------------------------------------------

93.40780132811521
[3, 7, 8]
---------------------------------------------

79.94845408209427
[3, 6, 13]
---------------------------------------------

94.43370028979471
[3, 6, 12]
---------------------------------------------

171.95633653466905
[3, 6, 10]
---------------------------------------------

187.0682646978528
[3, 6, 9]
---------------------------------------------

202.97565124777125
[3, 6, 8]
---------------------------------------------

86.27319736517744
[3, 6, 7]
---------------------------------------------

89.99879722779463
[3, 5, 13]
---------------------------------------------

109.49572286414589
[3, 5, 12]
---------------------------------------------

195.2836448906467
[3, 5, 10]
---------------------------------------------

210.94618382619086
[3, 5, 9]
---------------------------------------------

227.58446201339137
[3, 5, 8]
---------------------------------------------

99.54280273940526
[3, 5, 7]
---------------------------------------------

127.20354408842066
[2, 13, 14]
---------------------------------------------

139.95665305174097
[2, 12, 13]
---------------------------------------------

140.99677774814558
[2, 11, 13]
---------------------------------------------

139.88330076359856
[2, 10, 14]
---------------------------------------------

156.3891396819622
[2, 10, 13]
---------------------------------------------

170.4066785803702
[2, 10, 12]
---------------------------------------------

147.6221469380479
[2, 10, 11]
---------------------------------------------

147.38668006627057
[2, 9, 14]
---------------------------------------------

173.47249809248584
[2, 9, 13]
---------------------------------------------

180.60876459285078
[2, 9, 12]
---------------------------------------------

155.0267721628811
[2, 9, 11]
---------------------------------------------

155.70505584302913
[2, 8, 14]
---------------------------------------------

192.18096249795823
[2, 8, 13]
---------------------------------------------

191.62917439474052
[2, 8, 12]
---------------------------------------------

163.24718283904633
[2, 8, 11]
---------------------------------------------

168.44916027739146
[2, 7, 13]
---------------------------------------------

190.81024828315805
[2, 7, 10]
---------------------------------------------

200.84755862064657
[2, 7, 9]
---------------------------------------------

211.70736734784325
[2, 7, 8]
---------------------------------------------

219.09729317386498
[2, 6, 14]
---------------------------------------------

235.0361921598158
[2, 6, 13]
---------------------------------------------

187.36003275142374
[2, 6, 12]
---------------------------------------------

229.23839167404512
[2, 6, 11]
---------------------------------------------

200.97997937888292
[2, 6, 7]
---------------------------------------------

242.9928333787435
[2, 5, 14]
---------------------------------------------

273.0345975602095
[2, 5, 13]
---------------------------------------------

207.96865278457813
[2, 5, 12]
---------------------------------------------

253.24029488636532
[2, 5, 11]
---------------------------------------------

220.73082220162993
[2, 5, 7]
---------------------------------------------

74.84477715330542
[2, 4, 13]
---------------------------------------------

114.38362969725516
[2, 4, 10]
---------------------------------------------

122.78935564706791
[2, 4, 9]
---------------------------------------------

132.01031327333362
[2, 4, 8]
---------------------------------------------

168.7714147169641
[2, 4, 6]
---------------------------------------------

192.43413697648833
[2, 4, 5]
---------------------------------------------

77.17875077926315
[2, 3, 13]
---------------------------------------------

120.31265774202654
[2, 3, 10]
---------------------------------------------

129.25359604044425
[2, 3, 9]
---------------------------------------------

139.0126842545108
[2, 3, 8]
---------------------------------------------

161.86974432417855
[2, 3, 6]
---------------------------------------------

184.48885836599834
[2, 3, 5]
---------------------------------------------

170.3993024670557
[1, 13, 14]
---------------------------------------------

201.99063110827385
[1, 12, 13]
---------------------------------------------

186.49098174382016
[1, 11, 13]
---------------------------------------------

185.23132344932043
[1, 10, 14]
---------------------------------------------

204.2046038389121
[1, 10, 13]
---------------------------------------------

235.97482892708447
[1, 10, 12]
---------------------------------------------

194.20636039584477
[1, 10, 11]
---------------------------------------------

193.8261938771741
[1, 9, 14]
---------------------------------------------

222.93355742679677
[1, 9, 13]
---------------------------------------------

246.99054955732024
[1, 9, 12]
---------------------------------------------

202.70463384967613
[1, 9, 11]
---------------------------------------------

203.24686496948297
[1, 8, 14]
---------------------------------------------

242.47552199538904
[1, 8, 13]
---------------------------------------------

258.8351399844541
[1, 8, 12]
---------------------------------------------

212.02980923154735
[1, 8, 11]
---------------------------------------------

233.80793119089586
[1, 7, 13]
---------------------------------------------

258.32877103735825
[1, 7, 10]
---------------------------------------------

269.49212298330286
[1, 7, 9]
---------------------------------------------

281.3588908829745
[1, 7, 8]
---------------------------------------------

284.89243848214215
[1, 6, 14]
---------------------------------------------

307.4270857475365
[1, 6, 13]
---------------------------------------------

254.2276568539998
[1, 6, 12]
---------------------------------------------

295.7396992438689
[1, 6, 11]
---------------------------------------------

269.650756857436
[1, 6, 7]
---------------------------------------------

311.22808015575475
[1, 5, 14]
---------------------------------------------

349.0291620746166
[1, 5, 13]
---------------------------------------------

276.5819837058292
[1, 5, 12]
---------------------------------------------

322.13509312778444
[1, 5, 11]
---------------------------------------------

291.12438590699924
[1, 5, 7]
---------------------------------------------

102.89298311840058
[1, 4, 13]
---------------------------------------------

151.82716861899348
[1, 4, 10]
---------------------------------------------

161.31955218473982
[1, 4, 9]
---------------------------------------------

171.62569150818703
[1, 4, 8]
---------------------------------------------

230.07218554686008
[1, 4, 6]
---------------------------------------------

256.3966501412035
[1, 4, 5]
---------------------------------------------

98.22164228422415
[1, 3, 13]
---------------------------------------------

154.25247847905678
[1, 3, 10]
---------------------------------------------

164.2764757035964
[1, 3, 9]
---------------------------------------------

175.11455817013572
[1, 3, 8]
---------------------------------------------

217.6939735811007
[1, 3, 6]
---------------------------------------------

244.34886525816958
[1, 3, 5]
---------------------------------------------

Minimum losses for current step: 50.46583295861393
Total load: 4976.009627622962