56.470660610728956
[12, 13, 14]
---------------------------------------------

62.981833500429445
[11, 12, 13]
---------------------------------------------

58.95546417247267
[10, 12, 14]
---------------------------------------------

70.71469162571836
[10, 12, 13]
---------------------------------------------

64.23559298387475
[10, 11, 12]
---------------------------------------------

61.33185375770162
[9, 12, 14]
---------------------------------------------

79.68277501072137
[9, 12, 13]
---------------------------------------------

66.21266215482272
[9, 11, 12]
---------------------------------------------

64.47343143182472
[8, 12, 14]
---------------------------------------------

89.91947988989513
[8, 12, 13]
---------------------------------------------

68.9665836378086
[8, 11, 12]
---------------------------------------------

62.941441799166405
[7, 13, 14]
---------------------------------------------

69.91776527563044
[7, 11, 13]
---------------------------------------------

64.6227052357889
[7, 10, 14]
---------------------------------------------

78.11033652287138
[7, 10, 13]
---------------------------------------------

70.76749034232118
[7, 10, 11]
---------------------------------------------

66.58650934896033
[7, 9, 14]
---------------------------------------------

87.54446897090995
[7, 9, 13]
---------------------------------------------

72.33226518713526
[7, 9, 11]
---------------------------------------------

69.31165866490498
[7, 8, 14]
---------------------------------------------

98.25449721288379
[7, 8, 13]
---------------------------------------------

74.67238435501127
[7, 8, 11]
---------------------------------------------

82.0564956666585
[6, 13, 14]
---------------------------------------------

62.936878480415565
[6, 12, 14]
---------------------------------------------

89.95834834614143
[6, 11, 13]
---------------------------------------------

67.61380032082239
[6, 11, 12]
---------------------------------------------

97.27749367926116
[6, 10, 14]
---------------------------------------------

99.08653342405688
[6, 10, 13]
---------------------------------------------

119.77250328079681
[6, 10, 12]
---------------------------------------------

97.7100019812774
[6, 10, 11]
---------------------------------------------

106.53235346379559
[6, 9, 14]
---------------------------------------------

109.49045066919828
[6, 9, 13]
---------------------------------------------

133.10015292695996
[6, 9, 12]
---------------------------------------------

106.54088355937027
[6, 9, 11]
---------------------------------------------

116.90704317004368
[6, 8, 14]
---------------------------------------------

121.17372682411518
[6, 8, 13]
---------------------------------------------

147.78480788793462
[6, 8, 12]
---------------------------------------------

116.49153736662714
[6, 8, 11]
---------------------------------------------

66.58119302118861
[6, 7, 14]
---------------------------------------------

72.33281468802092
[6, 7, 11]
---------------------------------------------

110.2660297678429
[6, 7, 10]
---------------------------------------------

122.59918430641727
[6, 7, 9]
---------------------------------------------

136.25320683602683
[6, 7, 8]
---------------------------------------------

94.75263347389189
[5, 13, 14]
---------------------------------------------

69.06198193657632
[5, 12, 14]
---------------------------------------------

103.11797884226937
[5, 11, 13]
---------------------------------------------

73.10417478574911
[5, 11, 12]
---------------------------------------------

111.80954156442981
[5, 10, 14]
---------------------------------------------

112.73667212343315
[5, 10, 13]
---------------------------------------------

142.9300433482161
[5, 10, 12]
---------------------------------------------

111.80142082250828
[5, 10, 11]
---------------------------------------------

122.0119570856894
[5, 9, 14]
---------------------------------------------

123.60692362716264
[5, 9, 13]
---------------------------------------------

157.80096369916134
[5, 9, 12]
---------------------------------------------

121.56932923208042
[5, 9, 11]
---------------------------------------------

133.3447457445757
[5, 8, 14]
---------------------------------------------

135.8031690722118
[5, 8, 13]
---------------------------------------------

174.1116955968746
[5, 8, 12]
---------------------------------------------

132.47233872975852
[5, 8, 11]
---------------------------------------------

71.34989251799605
[5, 7, 14]
---------------------------------------------

76.47537776450898
[5, 7, 11]
---------------------------------------------

131.42380948557772
[5, 7, 10]
---------------------------------------------

145.2461293642699
[5, 7, 9]
---------------------------------------------

160.44133210146327
[5, 7, 8]
---------------------------------------------

43.05438145960464
[4, 12, 13]
---------------------------------------------

53.85968489211538
[4, 10, 12]
---------------------------------------------

58.80463424626162
[4, 9, 12]
---------------------------------------------

64.56891973614538
[4, 8, 12]
---------------------------------------------

46.715028599627935
[4, 7, 13]
---------------------------------------------

53.97186540414381
[4, 7, 10]
---------------------------------------------

58.48654065205942
[4, 7, 9]
---------------------------------------------

63.8118440235701
[4, 7, 8]
---------------------------------------------

60.0760836926733
[4, 6, 13]
---------------------------------------------

61.87818093020575
[4, 6, 12]
---------------------------------------------

118.29320833078555
[4, 6, 10]
---------------------------------------------

130.48423583558113
[4, 6, 9]
---------------------------------------------

143.83007136181945
[4, 6, 8]
---------------------------------------------

58.525803978873284
[4, 6, 7]
---------------------------------------------

69.81929086171517
[4, 5, 13]
---------------------------------------------

72.25214246644771
[4, 5, 12]
---------------------------------------------

136.02730262799213
[4, 5, 10]
---------------------------------------------

149.18252436719084
[4, 5, 9]
---------------------------------------------

163.54257264108938
[4, 5, 8]
---------------------------------------------

67.48029698635025
[4, 5, 7]
---------------------------------------------

54.96806699853924
[3, 12, 13]
---------------------------------------------

70.17400083761214
[3, 10, 12]
---------------------------------------------

76.501326353273
[3, 9, 12]
---------------------------------------------

83.63467754403568
[3, 8, 12]
---------------------------------------------

57.282669978585844
[3, 7, 13]
---------------------------------------------

67.49247127968356
[3, 7, 10]
---------------------------------------------

73.37574969618352
[3, 7, 9]
---------------------------------------------

80.06167303399995
[3, 7, 8]
---------------------------------------------

67.88366140841717
[3, 6, 13]
---------------------------------------------

80.33609033726718
[3, 6, 12]
---------------------------------------------

144.78229183486982
[3, 6, 10]
---------------------------------------------

158.55159850731243
[3, 6, 9]
---------------------------------------------

173.54274369011688
[3, 6, 8]
---------------------------------------------

73.42934024144954
[3, 6, 7]
---------------------------------------------

76.21600295691842
[3, 5, 13]
---------------------------------------------

92.96142694309407
[3, 5, 12]
---------------------------------------------

164.26026744026424
[3, 5, 10]
---------------------------------------------

179.0567037798857
[3, 5, 9]
---------------------------------------------

195.02439115258528
[3, 5, 8]
---------------------------------------------

84.60457560364353
[3, 5, 7]
---------------------------------------------

105.76309259385089
[2, 13, 14]
---------------------------------------------

118.15588631215618
[2, 12, 13]
---------------------------------------------

118.15617342190302
[2, 11, 13]
---------------------------------------------

117.1628379817826
[2, 10, 14]
---------------------------------------------

132.13369566424026
[2, 10, 13]
---------------------------------------------

142.84559899476116
[2, 10, 12]
---------------------------------------------

124.13739092948366
[2, 10, 11]
---------------------------------------------

124.02750271283104
[2, 9, 14]
---------------------------------------------

147.7715355978297
[2, 9, 13]
---------------------------------------------

152.13134131726352
[2, 9, 12]
---------------------------------------------

130.89958945677222
[2, 9, 11]
---------------------------------------------

131.70072147331578
[2, 8, 14]
---------------------------------------------

165.17829889697379
[2, 8, 13]
---------------------------------------------

162.26077120263474
[2, 8, 12]
---------------------------------------------

138.47093085343607
[2, 8, 11]
---------------------------------------------

141.76216574030127
[2, 7, 13]
---------------------------------------------

160.06787714647476
[2, 7, 10]
---------------------------------------------

169.68124176898684
[2, 7, 9]
---------------------------------------------

180.1275521398228
[2, 7, 8]
---------------------------------------------

185.69161641453348
[2, 6, 14]
---------------------------------------------

199.82447491307812
[2, 6, 13]
---------------------------------------------

157.72608319578805
[2, 6, 12]
---------------------------------------------

195.40973511970975
[2, 6, 11]
---------------------------------------------

169.8022906810682
[2, 6, 7]
---------------------------------------------

206.12904489055512
[2, 5, 14]
---------------------------------------------

232.5105362696365
[2, 5, 13]
---------------------------------------------

175.23531218617094
[2, 5, 12]
---------------------------------------------

215.9283635076574
[2, 5, 11]
---------------------------------------------

186.8892425226267
[2, 5, 7]
---------------------------------------------

63.268825731263945
[2, 4, 13]
---------------------------------------------

96.39262009383565
[2, 4, 10]
---------------------------------------------

104.07967052849035
[2, 4, 9]
---------------------------------------------

112.57891480662697
[2, 4, 8]
---------------------------------------------

142.34780090473416
[2, 4, 6]
---------------------------------------------

162.0032940292503
[2, 4, 5]
---------------------------------------------

65.5828308489105
[2, 3, 13]
---------------------------------------------

101.39823649084605
[2, 3, 10]
---------------------------------------------

109.56528176702108
[2, 3, 9]
---------------------------------------------

118.5482473224484
[2, 3, 8]
---------------------------------------------

136.72304274828403
[2, 3, 6]
---------------------------------------------

155.53464471925878
[2, 3, 5]
---------------------------------------------

141.40238442761185
[1, 13, 14]
---------------------------------------------

170.89464955606408
[1, 12, 13]
---------------------------------------------

155.8473102889763
[1, 11, 13]
---------------------------------------------

154.7314752258709
[1, 10, 14]
---------------------------------------------

171.8903264714801
[1, 10, 13]
---------------------------------------------

199.60891933666136
[1, 10, 12]
---------------------------------------------

162.80868826418126
[1, 10, 11]
---------------------------------------------

162.57339799872756
[1, 9, 14]
---------------------------------------------

189.65354570461272
[1, 9, 13]
---------------------------------------------

209.89474688965655
[1, 9, 12]
---------------------------------------------

170.55189617038687
[1, 9, 11]
---------------------------------------------

171.23349248466624
[1, 8, 14]
---------------------------------------------

208.68287189825105
[1, 8, 13]
---------------------------------------------

221.01114120615168
[1, 8, 12]
---------------------------------------------

179.1141819006048
[1, 8, 11]
---------------------------------------------

198.8178168818591
[1, 7, 13]
---------------------------------------------

219.02043337061266
[1, 7, 10]
---------------------------------------------

229.29707548865994
[1, 7, 9]
---------------------------------------------

240.39250390803244
[1, 7, 8]
---------------------------------------------

242.4861635149707
[1, 6, 14]
---------------------------------------------

262.174535050911
[1, 6, 13]
---------------------------------------------

216.0398381618401
[1, 6, 12]
---------------------------------------------

252.87350795597484
[1, 6, 11]
---------------------------------------------

229.4055150784851
[1, 6, 7]
---------------------------------------------

265.18574803389646
[1, 5, 14]
---------------------------------------------

298.0151447638836
[1, 5, 13]
---------------------------------------------

234.93446695533353
[1, 5, 12]
---------------------------------------------

275.6037703315507
[1, 5, 11]
---------------------------------------------

247.68794501087604
[1, 5, 7]
---------------------------------------------

86.5137414495451
[1, 4, 13]
---------------------------------------------

127.51897635725746
[1, 4, 10]
---------------------------------------------

136.17764338338804
[1, 4, 9]
---------------------------------------------

145.65033613835422
[1, 4, 8]
---------------------------------------------

193.65185121972658
[1, 4, 6]
---------------------------------------------

216.68346899616353
[1, 4, 5]
---------------------------------------------

83.05046778310235
[1, 3, 13]
---------------------------------------------

129.6356744188861
[1, 3, 10]
---------------------------------------------

138.77089211368502
[1, 3, 9]
---------------------------------------------

148.72223918157448
[1, 3, 8]
---------------------------------------------

183.0178589345239
[1, 3, 6]
---------------------------------------------

205.18542706599453
[1, 3, 5]
---------------------------------------------

Minimum losses for current step: 43.05438145960464
Total load: 4599.293707735334