49.82030998967287
[12, 13, 14]
---------------------------------------------

55.86010955523886
[11, 12, 13]
---------------------------------------------

52.11199845354962
[10, 12, 14]
---------------------------------------------

63.11199670319585
[10, 12, 13]
---------------------------------------------

57.01432005980284
[10, 11, 12]
---------------------------------------------

54.39008038941619
[9, 12, 14]
---------------------------------------------

71.59174961744324
[9, 12, 13]
---------------------------------------------

58.89605607559084
[9, 11, 12]
---------------------------------------------

57.43232803409899
[8, 12, 14]
---------------------------------------------

81.33167215447547
[8, 12, 13]
---------------------------------------------

61.55118049355116
[8, 11, 12]
---------------------------------------------

55.50227222473829
[7, 13, 14]
---------------------------------------------

61.9732640372287
[7, 11, 13]
---------------------------------------------

57.03647003939755
[7, 10, 14]
---------------------------------------------

69.65380475960839
[7, 10, 13]
---------------------------------------------

62.74772467435524
[7, 10, 11]
---------------------------------------------

58.92709666862685
[7, 9, 14]
---------------------------------------------

78.56809712784849
[7, 9, 13]
---------------------------------------------

64.24251741302342
[7, 9, 11]
---------------------------------------------

61.5782830403733
[7, 8, 14]
---------------------------------------------

88.7493232772024
[7, 8, 13]
---------------------------------------------

66.50902852159281
[7, 8, 11]
---------------------------------------------

72.29915180510325
[6, 13, 14]
---------------------------------------------

55.84208128530057
[6, 12, 14]
---------------------------------------------

79.63251981755715
[6, 11, 13]
---------------------------------------------

60.15586907414183
[6, 11, 12]
---------------------------------------------

86.50739921145373
[6, 10, 14]
---------------------------------------------

88.1838390012821
[6, 10, 13]
---------------------------------------------

106.57794214068745
[6, 10, 12]
---------------------------------------------

86.87345174243829
[6, 10, 11]
---------------------------------------------

95.24410370210448
[6, 9, 14]
---------------------------------------------

97.99938500545983
[6, 9, 13]
---------------------------------------------

119.11389423139374
[6, 9, 12]
---------------------------------------------

95.19001684945525
[6, 9, 11]
---------------------------------------------

105.09457014997164
[6, 8, 14]
---------------------------------------------

109.08617524185927
[6, 8, 13]
---------------------------------------------

132.99174203515932
[6, 8, 12]
---------------------------------------------

104.61849983086483
[6, 8, 11]
---------------------------------------------

58.92238873744117
[6, 7, 14]
---------------------------------------------

64.24293764596732
[6, 7, 11]
---------------------------------------------

98.15798824826038
[6, 7, 10]
---------------------------------------------

109.76795627826061
[6, 7, 9]
---------------------------------------------

122.68895102660298
[6, 7, 8]
---------------------------------------------

83.45723428855631
[5, 13, 14]
---------------------------------------------

61.35560487340725
[5, 12, 14]
---------------------------------------------

91.22366714637695
[5, 11, 13]
---------------------------------------------

65.07418035394608
[5, 11, 12]
---------------------------------------------

99.37868372048828
[5, 10, 14]
---------------------------------------------

100.22968388752562
[5, 10, 13]
---------------------------------------------

127.02784734207722
[5, 10, 12]
---------------------------------------------

99.33113802097421
[5, 10, 11]
---------------------------------------------

108.99740025405151
[5, 9, 14]
---------------------------------------------

110.4804585423531
[5, 9, 13]
---------------------------------------------

140.99420149460238
[5, 9, 12]
---------------------------------------------

108.52060389012415
[5, 9, 11]
---------------------------------------------

119.74052729479266
[5, 8, 14]
---------------------------------------------

122.04267474359224
[5, 8, 13]
---------------------------------------------

156.3314719059033
[5, 8, 12]
---------------------------------------------

118.83613801723565
[5, 8, 11]
---------------------------------------------

63.23900013840554
[5, 7, 14]
---------------------------------------------

67.97205480976669
[5, 7, 11]
---------------------------------------------

116.83066282081046
[5, 7, 10]
---------------------------------------------

129.85495697439248
[5, 7, 9]
---------------------------------------------

144.20599013522593
[5, 7, 8]
---------------------------------------------

38.55528785406927
[4, 12, 13]
---------------------------------------------

48.02705154301667
[4, 10, 12]
---------------------------------------------

52.70578054397215
[4, 9, 12]
---------------------------------------------

58.19735809083048
[4, 8, 12]
---------------------------------------------

41.772257974996016
[4, 7, 13]
---------------------------------------------

48.07490464527074
[4, 7, 10]
---------------------------------------------

52.35063703255761
[4, 7, 9]
---------------------------------------------

57.43141821188254
[4, 7, 8]
---------------------------------------------

53.53163171019159
[4, 6, 13]
---------------------------------------------

55.443592230669104
[4, 6, 12]
---------------------------------------------

105.23923793198203
[4, 6, 10]
---------------------------------------------

116.69638334845338
[4, 6, 9]
---------------------------------------------

129.30336292048224
[4, 6, 8]
---------------------------------------------

52.381736733576076
[4, 6, 7]
---------------------------------------------

62.10949887843874
[4, 5, 13]
---------------------------------------------

64.68663512744575
[4, 5, 12]
---------------------------------------------

120.86485973088872
[4, 5, 10]
---------------------------------------------

133.25557863414977
[4, 5, 9]
---------------------------------------------

146.80380373341762
[4, 5, 8]
---------------------------------------------

60.37571186749396
[4, 5, 7]
---------------------------------------------

49.23709411580984
[3, 12, 13]
---------------------------------------------

62.493312351250495
[3, 10, 12]
---------------------------------------------

68.45737821690419
[3, 9, 12]
---------------------------------------------

75.22408954992616
[3, 8, 12]
---------------------------------------------

51.27027195911861
[3, 7, 13]
---------------------------------------------

60.08955619815303
[3, 7, 10]
---------------------------------------------

65.63876886106056
[3, 7, 9]
---------------------------------------------

71.9872815017678
[3, 7, 8]
---------------------------------------------

60.606737284978095
[3, 6, 13]
---------------------------------------------

71.8590732134031
[3, 6, 12]
---------------------------------------------

128.51723250524913
[3, 6, 10]
---------------------------------------------

141.4343969595841
[3, 6, 9]
---------------------------------------------

155.55731779909547
[3, 6, 8]
---------------------------------------------

65.67944791282464
[3, 6, 7]
---------------------------------------------

67.94775251857023
[3, 5, 13]
---------------------------------------------

83.07086627406952
[3, 5, 12]
---------------------------------------------

145.68823220007013
[3, 5, 10]
---------------------------------------------

159.55660035820662
[3, 5, 9]
---------------------------------------------

174.64835594440478
[3, 5, 8]
---------------------------------------------

75.61676463194385
[3, 5, 7]
---------------------------------------------

92.9784926822874
[2, 13, 14]
---------------------------------------------

104.96260776867969
[2, 12, 13]
---------------------------------------------

104.4789818428856
[2, 11, 13]
---------------------------------------------

103.5659276058399
[2, 10, 14]
---------------------------------------------

117.55282813189474
[2, 10, 13]
---------------------------------------------

126.3338355286668
[2, 10, 12]
---------------------------------------------

110.05159794728687
[2, 10, 11]
---------------------------------------------

110.02405098643507
[2, 9, 14]
---------------------------------------------

132.26737539115382
[2, 9, 13]
---------------------------------------------

135.03644694433254
[2, 9, 12]
---------------------------------------------

116.40504165839367
[2, 9, 11]
---------------------------------------------

117.2866389928114
[2, 8, 14]
---------------------------------------------

148.68135549061873
[2, 8, 13]
---------------------------------------------

144.57572725592124
[2, 8, 12]
---------------------------------------------

123.56333132549298
[2, 8, 11]
---------------------------------------------

125.7263435307609
[2, 7, 13]
---------------------------------------------

141.40479541297225
[2, 7, 10]
---------------------------------------------

150.40425557093636
[2, 7, 9]
---------------------------------------------

160.23377827106748
[2, 7, 8]
---------------------------------------------

164.92092324815619
[2, 6, 14]
---------------------------------------------

178.1995502144198
[2, 6, 13]
---------------------------------------------

139.9596425523645
[2, 6, 12]
---------------------------------------------

174.48203664290105
[2, 6, 11]
---------------------------------------------

150.5016203451733
[2, 6, 7]
---------------------------------------------

183.43333039514806
[2, 5, 14]
---------------------------------------------

207.73940777377825
[2, 5, 13]
---------------------------------------------

155.4206910936511
[2, 5, 12]
---------------------------------------------

192.92926865893278
[2, 5, 11]
---------------------------------------------

165.72855584706858
[2, 5, 7]
---------------------------------------------

56.31595080425355
[2, 4, 13]
---------------------------------------------

85.60554706096917
[2, 4, 10]
---------------------------------------------

92.83415781424404
[2, 4, 9]
---------------------------------------------

100.87229676794448
[2, 4, 8]
---------------------------------------------

126.52220853690214
[2, 4, 6]
---------------------------------------------

143.86019661942498
[2, 4, 5]
---------------------------------------------

58.57761943627007
[2, 3, 13]
---------------------------------------------

90.05258679324432
[2, 3, 10]
---------------------------------------------

97.72620585947719
[2, 3, 9]
---------------------------------------------

106.21331514733869
[2, 3, 8]
---------------------------------------------

121.64654211488163
[2, 3, 6]
---------------------------------------------

138.25408845404064
[2, 3, 5]
---------------------------------------------

124.11668875125255
[1, 13, 14]
---------------------------------------------

151.18948424465316
[1, 12, 13]
---------------------------------------------

137.50884767838934
[1, 11, 13]
---------------------------------------------

136.49150926800775
[1, 10, 14]
---------------------------------------------

152.4912632536908
[1, 10, 13]
---------------------------------------------

176.87976644224818
[1, 10, 12]
---------------------------------------------

143.99095035734254
[1, 10, 11]
---------------------------------------------

143.85444914422638
[1, 9, 14]
---------------------------------------------

169.16627567290573
[1, 9, 13]
---------------------------------------------

186.9167619000684
[1, 9, 12]
---------------------------------------------

151.25418373271253
[1, 9, 11]
---------------------------------------------

152.03073053119982
[1, 8, 14]
---------------------------------------------

187.62179358697824
[1, 8, 13]
---------------------------------------------

197.51766277648827
[1, 8, 12]
---------------------------------------------

159.3305024942304
[1, 8, 11]
---------------------------------------------

177.13488953469633
[1, 7, 13]
---------------------------------------------

194.704506649722
[1, 7, 10]
---------------------------------------------

204.54509470983126
[1, 7, 9]
---------------------------------------------

215.2074068293937
[1, 7, 8]
---------------------------------------------

216.40308195331048
[1, 6, 14]
---------------------------------------------

234.381336746105
[1, 6, 13]
---------------------------------------------

192.43956202280955
[1, 6, 12]
---------------------------------------------

226.35289420987655
[1, 6, 11]
---------------------------------------------

204.63154555524497
[1, 6, 7]
---------------------------------------------

236.56756633129277
[1, 5, 14]
---------------------------------------------

266.64743295341606
[1, 5, 13]
---------------------------------------------

209.35920754029385
[1, 5, 12]
---------------------------------------------

246.61006402513442
[1, 5, 11]
---------------------------------------------

221.10989841879302
[1, 5, 7]
---------------------------------------------

76.6892832545323
[1, 4, 13]
---------------------------------------------

112.95009220359105
[1, 4, 10]
---------------------------------------------

121.0778306225903
[1, 4, 9]
---------------------------------------------

130.01832520697835
[1, 4, 8]
---------------------------------------------

171.5085219532708
[1, 4, 6]
---------------------------------------------

191.77623495820245
[1, 4, 5]
---------------------------------------------

73.90703340315417
[1, 3, 13]
---------------------------------------------

114.87563742809306
[1, 3, 10]
---------------------------------------------

123.44515504933626
[1, 3, 9]
---------------------------------------------

132.83021357249305
[1, 3, 8]
---------------------------------------------

162.30505895396544
[1, 3, 6]
---------------------------------------------

181.8217127797866
[1, 3, 5]
---------------------------------------------

Minimum losses for current step: 38.55528785406927
Total load: 4355.619901562813