33.5277801239997
[12, 13, 14]
---------------------------------------------

38.26636620170814
[11, 12, 13]
---------------------------------------------

35.24835491940423
[10, 12, 14]
---------------------------------------------

44.195158849504246
[10, 12, 13]
---------------------------------------------

39.13004904839851
[10, 11, 12]
---------------------------------------------

37.237427148080194
[9, 12, 14]
---------------------------------------------

51.33167130487184
[9, 12, 13]
---------------------------------------------

40.72988228945494
[9, 11, 12]
---------------------------------------------

39.987657796943
[8, 12, 14]
---------------------------------------------

59.70524813064976
[8, 12, 13]
---------------------------------------------

43.09470502197037
[8, 11, 12]
---------------------------------------------

37.25478827171491
[7, 13, 14]
---------------------------------------------

42.333069117496635
[7, 11, 13]
---------------------------------------------

38.35844162281137
[7, 10, 14]
---------------------------------------------

48.60230999328401
[7, 10, 13]
---------------------------------------------

42.8885764800401
[7, 10, 11]
---------------------------------------------

40.033732904887685
[7, 9, 14]
---------------------------------------------

56.08389373895965
[7, 9, 13]
---------------------------------------------

44.17552979240516
[7, 9, 11]
---------------------------------------------

42.467272601797355
[7, 8, 14]
---------------------------------------------

64.80786517740766
[7, 8, 13]
---------------------------------------------

46.22561418554242
[7, 8, 11]
---------------------------------------------

48.25680116447558
[6, 13, 14]
---------------------------------------------

38.28100369580325
[6, 12, 14]
---------------------------------------------

54.01805717915447
[6, 11, 13]
---------------------------------------------

41.61669669042711
[6, 11, 12]
---------------------------------------------

59.63477809261522
[6, 10, 14]
---------------------------------------------

60.975776902442256
[6, 10, 13]
---------------------------------------------

73.55725177732353
[6, 10, 12]
---------------------------------------------

59.83597214898209
[6, 10, 11]
---------------------------------------------

66.9259437013942
[6, 9, 14]
---------------------------------------------

69.15401541448693
[6, 9, 13]
---------------------------------------------

83.8953154100014
[6, 9, 12]
---------------------------------------------

66.71646418099458
[6, 9, 11]
---------------------------------------------

75.31235729517627
[6, 8, 14]
---------------------------------------------

78.60601851546082
[6, 8, 13]
---------------------------------------------

95.53385691733509
[6, 8, 12]
---------------------------------------------

74.68718088710602
[6, 8, 11]
---------------------------------------------

40.03032406087935
[6, 7, 14]
---------------------------------------------

44.17542282145875
[6, 7, 11]
---------------------------------------------

67.88711553061307
[6, 7, 10]
---------------------------------------------

77.49469336545391
[6, 7, 9]
---------------------------------------------

88.3828829742795
[6, 7, 8]
---------------------------------------------

55.55383863717761
[5, 13, 14]
---------------------------------------------

42.17620358870888
[5, 12, 14]
---------------------------------------------

61.65965949323368
[5, 11, 13]
---------------------------------------------

45.03189830935163
[5, 11, 12]
---------------------------------------------

68.29354231089505
[5, 10, 14]
---------------------------------------------

68.97313872610441
[5, 10, 13]
---------------------------------------------

87.18355964600651
[5, 10, 12]
---------------------------------------------

68.1615443815445
[5, 10, 11]
---------------------------------------------

76.282171131893
[5, 9, 14]
---------------------------------------------

77.51026187960157
[5, 9, 13]
---------------------------------------------

98.63822209436333
[5, 9, 12]
---------------------------------------------

75.7333352962993
[5, 9, 11]
---------------------------------------------

85.37571378711561
[5, 8, 14]
---------------------------------------------

87.32101592064396
[5, 8, 13]
---------------------------------------------

111.41557315047179
[5, 8, 12]
---------------------------------------------

84.40632596204962
[5, 8, 11]
---------------------------------------------

43.13914837790683
[5, 7, 14]
---------------------------------------------

46.80950972559047
[5, 7, 11]
---------------------------------------------

80.38355196496879
[5, 7, 10]
---------------------------------------------

91.09408834428658
[5, 7, 9]
---------------------------------------------

103.10228752607745
[5, 7, 8]
---------------------------------------------

27.30375378737935
[4, 12, 13]
---------------------------------------------

33.39524364203128
[4, 10, 12]
---------------------------------------------

37.32143810658596
[4, 9, 12]
---------------------------------------------

42.04390728683779
[4, 8, 12]
---------------------------------------------

29.42336949740499
[4, 7, 13]
---------------------------------------------

33.309148339861416
[4, 7, 10]
---------------------------------------------

36.91759230767034
[4, 7, 9]
---------------------------------------------

41.310581695763766
[4, 7, 8]
---------------------------------------------

37.15513763193313
[4, 6, 13]
---------------------------------------------

39.199189546787665
[4, 6, 12]
---------------------------------------------

72.67204525588316
[4, 6, 10]
---------------------------------------------

82.10842808781209
[4, 6, 9]
---------------------------------------------

92.67414634947234
[4, 6, 8]
---------------------------------------------

36.931248595279826
[4, 6, 7]
---------------------------------------------

42.78612729864171
[4, 5, 13]
---------------------------------------------

45.532313218513885
[4, 5, 12]
---------------------------------------------

83.09930402136027
[4, 5, 10]
---------------------------------------------

93.2644230629909
[4, 5, 9]
---------------------------------------------

104.56782773857819
[4, 5, 8]
---------------------------------------------

42.45015253470595
[4, 5, 7]
---------------------------------------------

34.908107414653
[3, 12, 13]
---------------------------------------------

43.28114846345522
[3, 10, 12]
---------------------------------------------

48.21550402763204
[3, 9, 12]
---------------------------------------------

53.971662408747015
[3, 8, 12]
---------------------------------------------

36.24964605454683
[3, 7, 13]
---------------------------------------------

41.599291334451166
[3, 7, 10]
---------------------------------------------

46.20420210128293
[3, 7, 9]
---------------------------------------------

51.62412640857603
[3, 7, 8]
---------------------------------------------

42.39680047091095
[3, 6, 13]
---------------------------------------------

50.53364008413878
[3, 6, 12]
---------------------------------------------

88.1507691773092
[3, 6, 10]
---------------------------------------------

98.74869079196034
[3, 6, 9]
---------------------------------------------

110.49051582892164
[3, 6, 8]
---------------------------------------------

46.23148997742678
[3, 6, 7]
---------------------------------------------

47.22207507323496
[3, 5, 13]
---------------------------------------------

58.1403393737361
[3, 5, 12]
---------------------------------------------

99.54159213179467
[3, 5, 10]
---------------------------------------------

110.88621396016325
[3, 5, 9]
---------------------------------------------

123.38265035092894
[3, 5, 8]
---------------------------------------------

53.0102037668883
[3, 5, 7]
---------------------------------------------

61.6719192597871
[2, 13, 14]
---------------------------------------------

72.4709020609679
[2, 12, 13]
---------------------------------------------

70.73567308843016
[2, 11, 13]
---------------------------------------------

70.01236926220062
[2, 10, 14]
---------------------------------------------

81.33687742247949
[2, 10, 13]
---------------------------------------------

85.66984077232217
[2, 10, 12]
---------------------------------------------

75.17832930234981
[2, 10, 11]
---------------------------------------------

75.34192228155416
[2, 9, 14]
---------------------------------------------

93.52573049784806
[2, 9, 13]
---------------------------------------------

92.77117903427003
[2, 9, 12]
---------------------------------------------

80.397813525394
[2, 9, 11]
---------------------------------------------

81.46463428600514
[2, 8, 14]
---------------------------------------------

107.35515399992792
[2, 8, 13]
---------------------------------------------

100.69041246933662
[2, 8, 12]
---------------------------------------------

86.41035511070918
[2, 8, 11]
---------------------------------------------

86.2073045938771
[2, 7, 13]
---------------------------------------------

95.46015766800981
[2, 7, 10]
---------------------------------------------

102.7809691646604
[2, 7, 9]
---------------------------------------------

110.91929737222151
[2, 7, 8]
---------------------------------------------

111.72444125117343
[2, 6, 14]
---------------------------------------------

121.16878635724187
[2, 6, 13]
---------------------------------------------

96.01878713163791
[2, 6, 12]
---------------------------------------------

119.78695100527968
[2, 6, 11]
---------------------------------------------

102.81576269873992
[2, 6, 7]
---------------------------------------------

124.31723799357299
[2, 5, 14]
---------------------------------------------

142.53944775551759
[2, 5, 13]
---------------------------------------------

106.33565343559177
[2, 5, 12]
---------------------------------------------

132.63903294398995
[2, 5, 11]
---------------------------------------------

112.96644184300825
[2, 5, 7]
---------------------------------------------

38.97219849351297
[2, 4, 13]
---------------------------------------------

58.7300402061455
[2, 4, 10]
---------------------------------------------

64.6861805352663
[2, 4, 9]
---------------------------------------------

71.44222314213683
[2, 4, 8]
---------------------------------------------

87.18213989658338
[2, 4, 6]
---------------------------------------------

98.71558205914143
[2, 4, 5]
---------------------------------------------

41.05890071669683
[2, 3, 13]
---------------------------------------------

61.80586486258118
[2, 3, 10]
---------------------------------------------

68.11358724603456
[2, 3, 9]
---------------------------------------------

75.2251112070896
[2, 3, 8]
---------------------------------------------

84.1014789071037
[2, 3, 6]
---------------------------------------------

95.17496349745386
[2, 3, 5]
---------------------------------------------

81.94161161135807
[1, 13, 14]
---------------------------------------------

103.01115423029684
[1, 12, 13]
---------------------------------------------

92.47674098012847
[1, 11, 13]
---------------------------------------------

91.68959688337137
[1, 10, 14]
---------------------------------------------

104.56887549783882
[1, 10, 13]
---------------------------------------------

118.77274900369828
[1, 10, 12]
---------------------------------------------

97.630785863568
[1, 10, 11]
---------------------------------------------

97.7307590275171
[1, 9, 14]
---------------------------------------------

118.28361630692892
[1, 9, 13]
---------------------------------------------

127.01934940373819
[1, 9, 12]
---------------------------------------------

103.56539282975075
[1, 9, 11]
---------------------------------------------

104.57200496663516
[1, 8, 14]
---------------------------------------------

133.67270159094235
[1, 8, 13]
---------------------------------------------

136.09726595732718
[1, 8, 12]
---------------------------------------------

110.30030572790601
[1, 8, 11]
---------------------------------------------

120.09343938037932
[1, 7, 13]
---------------------------------------------

131.0349330492359
[1, 7, 10]
---------------------------------------------

139.5191535917876
[1, 7, 9]
---------------------------------------------

148.8319276746856
[1, 7, 8]
---------------------------------------------

147.3901009680743
[1, 6, 14]
---------------------------------------------

162.0191928713184
[1, 6, 13]
---------------------------------------------

130.79294925757426
[1, 6, 12]
---------------------------------------------

156.74549013796906
[1, 6, 11]
---------------------------------------------

139.5699973858509
[1, 6, 7]
---------------------------------------------

161.91575224002358
[1, 5, 14]
---------------------------------------------

185.41907148305742
[1, 5, 13]
---------------------------------------------

142.54761129546128
[1, 5, 12]
---------------------------------------------

171.3758254900736
[1, 5, 11]
---------------------------------------------

151.17169170956595
[1, 5, 7]
---------------------------------------------

52.33651358248977
[1, 4, 13]
---------------------------------------------

76.85264689920982
[1, 4, 10]
---------------------------------------------

83.51572435757076
[1, 4, 9]
---------------------------------------------

90.98361382368428
[1, 4, 8]
---------------------------------------------

116.86779145198372
[1, 4, 6]
---------------------------------------------

130.27793014607786
[1, 4, 5]
---------------------------------------------

51.14502923614901
[1, 3, 13]
---------------------------------------------

78.28949215297088
[1, 3, 10]
---------------------------------------------

85.30173767415685
[1, 3, 9]
---------------------------------------------

93.12226886414534
[1, 3, 8]
---------------------------------------------

111.07104528009059
[1, 3, 6]
---------------------------------------------

123.98340155604565
[1, 3, 5]
---------------------------------------------

Minimum losses for current step: 27.30375378737935
Total load: 3665.311257213422