22.830215607997555
[12, 13, 14]
---------------------------------------------

26.52472603945464
[11, 12, 13]
---------------------------------------------

24.092170126099827
[10, 12, 14]
---------------------------------------------

31.407188606115003
[10, 12, 13]
---------------------------------------------

27.163581013399586
[10, 11, 12]
---------------------------------------------

25.84945593644115
[9, 12, 14]
---------------------------------------------

37.47481470351312
[9, 12, 13]
---------------------------------------------

28.536140098872036
[9, 11, 12]
---------------------------------------------

28.365480223964813
[8, 12, 14]
---------------------------------------------

44.761277142655295
[8, 12, 13]
---------------------------------------------

30.668239891935574
[8, 11, 12]
---------------------------------------------

25.28759634588474
[7, 13, 14]
---------------------------------------------

29.25836849597129
[7, 11, 13]
---------------------------------------------

26.04593311131191
[7, 10, 14]
---------------------------------------------

34.406468990560015
[7, 10, 13]
---------------------------------------------

29.639876204390667
[7, 10, 11]
---------------------------------------------

27.548293332048964
[7, 9, 14]
---------------------------------------------

40.75004535448345
[7, 9, 13]
---------------------------------------------

30.758516624004173
[7, 9, 11]
---------------------------------------------

29.807041832831743
[7, 8, 14]
---------------------------------------------

48.31668693100772
[7, 8, 13]
---------------------------------------------

32.63491498375055
[7, 8, 11]
---------------------------------------------

32.527742789809416
[6, 13, 14]
---------------------------------------------

26.616315090293366
[6, 12, 14]
---------------------------------------------

37.05034555141458
[6, 11, 13]
---------------------------------------------

29.177676331038015
[6, 11, 12]
---------------------------------------------

41.67143415604635
[6, 10, 14]
---------------------------------------------

42.747617085127146
[6, 10, 13]
---------------------------------------------

51.4920628702619
[6, 10, 12]
---------------------------------------------

41.744953080198606
[6, 10, 11]
---------------------------------------------

47.82034716316756
[6, 9, 14]
---------------------------------------------

49.64708230680694
[6, 9, 13]
---------------------------------------------

60.10797864938718
[6, 9, 12]
---------------------------------------------

47.48977553552392
[6, 9, 11]
---------------------------------------------

55.048788033008336
[6, 8, 14]
---------------------------------------------

57.79114650541082
[6, 8, 13]
---------------------------------------------

69.99250958740461
[6, 8, 12]
---------------------------------------------

54.30794204408892
[6, 8, 11]
---------------------------------------------

27.545653563796378
[6, 7, 14]
---------------------------------------------

30.751070293124243
[6, 7, 11]
---------------------------------------------

47.61530566883183
[6, 7, 10]
---------------------------------------------

55.651179941824694
[6, 7, 9]
---------------------------------------------

64.94165212443197
[6, 7, 8]
---------------------------------------------

37.33586282414493
[5, 13, 14]
---------------------------------------------

29.40188285000119
[5, 12, 14]
---------------------------------------------

42.12759455950363
[5, 11, 13]
---------------------------------------------

31.57216043239315
[5, 11, 12]
---------------------------------------------

47.562562952653806
[5, 10, 14]
---------------------------------------------

48.10648415635615
[5, 10, 13]
---------------------------------------------

60.684645498368695
[5, 10, 12]
---------------------------------------------

47.36737195462874
[5, 10, 11]
---------------------------------------------

54.2678343840089
[5, 9, 14]
---------------------------------------------

55.290677929856386
[5, 9, 13]
---------------------------------------------

70.18158586023743
[5, 9, 12]
---------------------------------------------

53.66399666635173
[5, 9, 11]
---------------------------------------------

62.06077906083384
[5, 8, 14]
---------------------------------------------

63.70958933994582
[5, 8, 13]
---------------------------------------------

80.96440963107456
[5, 8, 12]
---------------------------------------------

61.04259406604634
[5, 8, 11]
---------------------------------------------

29.81723997303475
[5, 7, 14]
---------------------------------------------

32.6381232617109
[5, 7, 11]
---------------------------------------------

56.080090411636675
[5, 7, 10]
---------------------------------------------

64.98693905546665
[5, 7, 9]
---------------------------------------------

75.1635539335385
[5, 7, 8]
---------------------------------------------

19.676590219370958
[4, 12, 13]
---------------------------------------------

23.538475520469202
[4, 10, 12]
---------------------------------------------

26.867996463117407
[4, 9, 12]
---------------------------------------------

30.970545237170228
[4, 8, 12]
---------------------------------------------

21.078373285665894
[4, 7, 13]
---------------------------------------------

23.39559538258255
[4, 7, 10]
---------------------------------------------

26.46146799688315
[4, 7, 9]
---------------------------------------------

30.299335489375373
[4, 7, 8]
---------------------------------------------

26.18712061896258
[4, 6, 13]
---------------------------------------------

28.173822325438813
[4, 6, 12]
---------------------------------------------

50.89025768898163
[4, 6, 10]
---------------------------------------------

58.745227820619505
[4, 6, 9]
---------------------------------------------

67.70881065414024
[4, 6, 8]
---------------------------------------------

26.466413161798847
[4, 6, 7]
---------------------------------------------

29.904165012686455
[4, 5, 13]
---------------------------------------------

32.56817974377316
[4, 5, 12]
---------------------------------------------

57.927776253006776
[4, 5, 10]
---------------------------------------------

66.35863145311538
[4, 5, 9]
---------------------------------------------

75.90620370229075
[4, 5, 8]
---------------------------------------------

30.32604524935388
[4, 5, 7]
---------------------------------------------

25.161204048421435
[3, 12, 13]
---------------------------------------------

30.381458926143196
[3, 10, 12]
---------------------------------------------

34.51575182170976
[3, 9, 12]
---------------------------------------------

39.45222518283014
[3, 8, 12]
---------------------------------------------

26.05348536305155
[3, 7, 13]
---------------------------------------------

29.17672108300302
[3, 7, 10]
---------------------------------------------

33.05262609200235
[3, 7, 9]
---------------------------------------------

37.71914546662777
[3, 7, 8]
---------------------------------------------

30.11991281037362
[3, 6, 13]
---------------------------------------------

36.10593723384355
[3, 6, 12]
---------------------------------------------

61.33182950717959
[3, 6, 10]
---------------------------------------------

70.09516793645135
[3, 6, 9]
---------------------------------------------

79.9813263117627
[3, 6, 8]
---------------------------------------------

33.06329904515605
[3, 6, 7]
---------------------------------------------

33.31148683749859
[3, 5, 13]
---------------------------------------------

41.33074997615808
[3, 5, 12]
---------------------------------------------

68.98380589703072
[3, 5, 10]
---------------------------------------------

78.33384759712973
[3, 5, 9]
---------------------------------------------

88.8145682224969
[3, 5, 8]
---------------------------------------------

37.745926901860756
[3, 5, 7]
---------------------------------------------

41.29152839231488
[2, 13, 14]
---------------------------------------------

50.77010245153198
[2, 12, 13]
---------------------------------------------

48.44804556812787
[2, 11, 13]
---------------------------------------------

47.86582649463166
[2, 10, 14]
---------------------------------------------

57.1212204153053
[2, 10, 13]
---------------------------------------------

58.80957129206819
[2, 10, 12]
---------------------------------------------

52.00825786396074
[2, 10, 11]
---------------------------------------------

52.30557280477668
[2, 9, 14]
---------------------------------------------

67.3357844700196
[2, 9, 13]
---------------------------------------------

64.65862358817667
[2, 9, 12]
---------------------------------------------

56.33429694682743
[2, 9, 11]
---------------------------------------------

57.52961851103148
[2, 8, 14]
---------------------------------------------

79.14559875927026
[2, 8, 13]
---------------------------------------------

71.31128990702759
[2, 8, 12]
---------------------------------------------

61.4442364389542
[2, 8, 11]
---------------------------------------------

59.97331031416109
[2, 7, 13]
---------------------------------------------

65.24356877386172
[2, 7, 10]
---------------------------------------------

71.25960871216674
[2, 7, 9]
---------------------------------------------

78.08040778865795
[2, 7, 8]
---------------------------------------------

76.74950818081886
[2, 6, 14]
---------------------------------------------

83.18399787573428
[2, 6, 13]
---------------------------------------------

66.83576901607968
[2, 6, 12]
---------------------------------------------

83.20530099141418
[2, 6, 11]
---------------------------------------------

71.26624509462472
[2, 6, 7]
---------------------------------------------

85.1801865634331
[2, 5, 14]
---------------------------------------------

97.2677243658394
[2, 5, 13]
---------------------------------------------

73.80451576342145
[2, 5, 12]
---------------------------------------------

91.82626427106644
[2, 5, 11]
---------------------------------------------

78.12167937117493
[2, 5, 7]
---------------------------------------------

27.378384498467614
[2, 4, 13]
---------------------------------------------

40.795333696450726
[2, 4, 10]
---------------------------------------------

45.732719847089555
[2, 4, 9]
---------------------------------------------

51.486745926865716
[2, 4, 8]
---------------------------------------------

60.95254083302829
[2, 4, 6]
---------------------------------------------

68.72042017507847
[2, 4, 5]
---------------------------------------------

29.23383407764051
[2, 3, 13]
---------------------------------------------

42.954532750412504
[2, 3, 10]
---------------------------------------------

48.16941553516001
[2, 3, 9]
---------------------------------------------

54.20929243921755
[2, 3, 8]
---------------------------------------------

59.00067030656086
[2, 3, 6]
---------------------------------------------

66.47457776624421
[2, 3, 5]
---------------------------------------------

54.5650583850198
[1, 13, 14]
---------------------------------------------

71.1900479685576
[1, 12, 13]
---------------------------------------------

62.88398071167643
[1, 11, 13]
---------------------------------------------

62.25623437073398
[1, 10, 14]
---------------------------------------------

72.72639987610542
[1, 10, 13]
---------------------------------------------

80.71127523025817
[1, 10, 12]
---------------------------------------------

67.0015056755548
[1, 10, 11]
---------------------------------------------

67.26030643054709
[1, 9, 14]
---------------------------------------------

84.14085218111083
[1, 9, 13]
---------------------------------------------

87.45640604878872
[1, 9, 12]
---------------------------------------------

71.89418940384918
[1, 9, 11]
---------------------------------------------

73.05413570419682
[1, 8, 14]
---------------------------------------------

97.17670441655424
[1, 8, 13]
---------------------------------------------

95.01534958889314
[1, 8, 12]
---------------------------------------------

77.57642625265807
[1, 8, 11]
---------------------------------------------

82.52316599669491
[1, 7, 13]
---------------------------------------------

88.70439748075671
[1, 7, 10]
---------------------------------------------

95.62670939012064
[1, 7, 9]
---------------------------------------------

103.3635596527097
[1, 7, 8]
---------------------------------------------

100.34070001970125
[1, 6, 14]
---------------------------------------------

110.1496274509496
[1, 6, 13]
---------------------------------------------

89.95522759077858
[1, 6, 12]
---------------------------------------------

107.78834518567415
[1, 6, 11]
---------------------------------------------

95.63764097415397
[1, 6, 7]
---------------------------------------------

109.99878402325815
[1, 5, 14]
---------------------------------------------

126.52039604776573
[1, 5, 13]
---------------------------------------------

97.84122700580646
[1, 5, 12]
---------------------------------------------

117.65036588223515
[1, 5, 11]
---------------------------------------------

103.41440479519
[1, 5, 7]
---------------------------------------------

36.182925776750494
[1, 4, 13]
---------------------------------------------

52.89813744329879
[1, 4, 10]
---------------------------------------------

58.40947438749914
[1, 4, 9]
---------------------------------------------

64.71631672915571
[1, 4, 8]
---------------------------------------------

80.77535836762895
[1, 4, 6]
---------------------------------------------

89.7403146058512
[1, 4, 5]
---------------------------------------------

35.89560019423054
[1, 3, 13]
---------------------------------------------

53.98561008565661
[1, 3, 10]
---------------------------------------------

59.77525883636287
[1, 3, 9]
---------------------------------------------

66.3636062112395
[1, 3, 8]
---------------------------------------------

77.07750562524791
[1, 3, 6]
---------------------------------------------

85.729775468723
[1, 3, 5]
---------------------------------------------

Minimum losses for current step: 19.676590219370958
Total load: 3105.2563324779726