20.777989272725513
[12, 13, 14]
---------------------------------------------

24.247841210033904
[11, 12, 13]
---------------------------------------------

21.939532476940506
[10, 12, 14]
---------------------------------------------

28.900417843405744
[10, 12, 13]
---------------------------------------------

24.83518318290219
[10, 11, 12]
---------------------------------------------

23.645975294311885
[9, 12, 14]
---------------------------------------------

34.735612258258456
[9, 12, 13]
---------------------------------------------

26.157763764115217
[9, 11, 12]
---------------------------------------------

26.110628861336476
[8, 12, 14]
---------------------------------------------

41.78569445051488
[8, 12, 13]
---------------------------------------------

28.238828014414565
[8, 11, 12]
---------------------------------------------

22.992970333104587
[7, 13, 14]
---------------------------------------------

26.716412423005472
[7, 11, 13]
---------------------------------------------

23.675794768817386
[7, 10, 14]
---------------------------------------------

31.627665458679438
[7, 10, 13]
---------------------------------------------

27.066700377385246
[7, 10, 11]
---------------------------------------------

25.14020042137363
[7, 9, 14]
---------------------------------------------

37.72396183807719
[7, 9, 13]
---------------------------------------------

28.14824565608087
[7, 9, 11]
---------------------------------------------

27.36058133670249
[7, 8, 14]
---------------------------------------------

45.039141308453374
[7, 8, 13]
---------------------------------------------

29.986532073025796
[7, 8, 11]
---------------------------------------------

29.51775217981972
[6, 13, 14]
---------------------------------------------

24.355116289740693
[6, 12, 14]
---------------------------------------------

33.768860865125774
[6, 11, 13]
---------------------------------------------

26.747691837364414
[6, 11, 12]
---------------------------------------------

38.17356187969344
[6, 10, 14]
---------------------------------------------

39.19270239752381
[6, 10, 13]
---------------------------------------------

47.19205114496404
[6, 10, 12]
---------------------------------------------

38.21979590734514
[6, 10, 11]
---------------------------------------------

44.07460027925456
[6, 9, 14]
---------------------------------------------

45.814729474038764
[6, 9, 13]
---------------------------------------------

55.43599493661066
[6, 9, 12]
---------------------------------------------

43.718109459903744
[6, 9, 11]
---------------------------------------------

51.05168489430431
[6, 8, 14]
---------------------------------------------

53.67532802136617
[6, 8, 13]
---------------------------------------------

64.94173871569919
[6, 8, 12]
---------------------------------------------

50.286138252869236
[6, 8, 11]
---------------------------------------------

25.137691390315755
[6, 7, 14]
---------------------------------------------

28.14167733094284
[6, 7, 11]
---------------------------------------------

43.66082788460728
[6, 7, 10]
---------------------------------------------

51.35688021529547
[6, 7, 9]
---------------------------------------------

60.301760903954424
[6, 7, 8]
---------------------------------------------

33.84869560089893
[5, 13, 14]
---------------------------------------------

26.929476341175626
[5, 12, 14]
---------------------------------------------

38.35538685812563
[5, 11, 13]
---------------------------------------------

28.944514291623832
[5, 11, 12]
---------------------------------------------

43.530266486864605
[5, 10, 14]
---------------------------------------------

44.0451437394204
[5, 10, 13]
---------------------------------------------

55.533835102390874
[5, 10, 12]
---------------------------------------------

43.32185581657603
[5, 10, 11]
---------------------------------------------

49.95747955026632
[5, 9, 14]
---------------------------------------------

50.93612111259768
[5, 9, 13]
---------------------------------------------

64.6089795128678
[5, 9, 12]
---------------------------------------------

49.34208409499513
[5, 9, 11]
---------------------------------------------

57.46850235106497
[5, 8, 14]
---------------------------------------------

59.056957983499686
[5, 8, 13]
---------------------------------------------

74.9621612504192
[5, 8, 12]
---------------------------------------------

56.44016221161197
[5, 8, 11]
---------------------------------------------

27.241340249178293
[5, 7, 14]
---------------------------------------------

29.88030362378235
[5, 7, 11]
---------------------------------------------

51.34995577669864
[5, 7, 10]
---------------------------------------------

59.867990908858836
[5, 7, 9]
---------------------------------------------

69.64941580192412
[5, 7, 8]
---------------------------------------------

18.179092802317694
[4, 12, 13]
---------------------------------------------

21.61252019569001
[4, 10, 12]
---------------------------------------------

24.80985134406445
[4, 9, 12]
---------------------------------------------

28.779304512018854
[4, 8, 12]
---------------------------------------------

19.44334369477438
[4, 7, 13]
---------------------------------------------

21.459894773433785
[4, 7, 10]
---------------------------------------------

24.4074324971096
[4, 7, 9]
---------------------------------------------

28.125945099850572
[4, 7, 8]
---------------------------------------------

24.05214739841838
[4, 6, 13]
---------------------------------------------

25.998468434827082
[4, 6, 12]
---------------------------------------------

46.64467544508565
[4, 6, 10]
---------------------------------------------

54.158231712499145
[4, 6, 9]
---------------------------------------------

62.775580835916166
[4, 6, 8]
---------------------------------------------

24.410989253554376
[4, 6, 7]
---------------------------------------------

27.400922356483857
[4, 5, 13]
---------------------------------------------

30.020466517978594
[4, 5, 12]
---------------------------------------------

53.030798925607975
[4, 5, 10]
---------------------------------------------

61.08793267255481
[4, 5, 9]
---------------------------------------------

70.25665501599201
[4, 5, 8]
---------------------------------------------

27.94573443904317
[4, 5, 7]
---------------------------------------------

23.244204580905404
[3, 12, 13]
---------------------------------------------

27.862384641361295
[3, 10, 12]
---------------------------------------------

31.822456672820834
[3, 9, 12]
---------------------------------------------

36.58086838441656
[3, 8, 12]
---------------------------------------------

24.048938695478768
[3, 7, 13]
---------------------------------------------

26.75401989227356
[3, 7, 10]
---------------------------------------------

30.46837891000675
[3, 7, 9]
---------------------------------------------

34.9711243689681
[3, 7, 8]
---------------------------------------------

27.716596248428747
[3, 6, 13]
---------------------------------------------

33.271894707012066
[3, 6, 12]
---------------------------------------------

56.12213057586459
[3, 6, 10]
---------------------------------------------

64.49124502991677
[3, 6, 9]
---------------------------------------------

73.97793716051673
[3, 6, 8]
---------------------------------------------

30.476455181144303
[3, 6, 7]
---------------------------------------------

30.59452945031008
[3, 5, 13]
---------------------------------------------

38.034825604141616
[3, 5, 12]
---------------------------------------------

63.05805198165747
[3, 5, 10]
---------------------------------------------

71.9803129464945
[3, 5, 9]
---------------------------------------------

82.02779539838934
[3, 5, 8]
---------------------------------------------

34.75147722776566
[3, 5, 7]
---------------------------------------------

37.39872407506958
[2, 13, 14]
---------------------------------------------

46.54696255634986
[2, 12, 13]
---------------------------------------------

44.146833043468746
[2, 11, 13]
---------------------------------------------

43.590785044441795
[2, 10, 14]
---------------------------------------------

52.40193946728953
[2, 10, 13]
---------------------------------------------

53.61892196196103
[2, 10, 12]
---------------------------------------------

47.51361077712506
[2, 10, 11]
---------------------------------------------

47.837731069810445
[2, 9, 14]
---------------------------------------------

62.191014919636665
[2, 9, 13]
---------------------------------------------

59.196138620899994
[2, 9, 12]
---------------------------------------------

51.6461344871226
[2, 9, 11]
---------------------------------------------

52.867073332537956
[2, 8, 14]
---------------------------------------------

73.56565853782979
[2, 8, 13]
---------------------------------------------

65.57743223566281
[2, 8, 12]
---------------------------------------------

56.560589788299
[2, 8, 11]
---------------------------------------------

54.884887338608515
[2, 7, 13]
---------------------------------------------

59.41828808921812
[2, 7, 10]
---------------------------------------------

65.1536461698761
[2, 7, 9]
---------------------------------------------

71.69083365727447
[2, 7, 8]
---------------------------------------------

70.0064529455302
[2, 6, 14]
---------------------------------------------

75.86547279458435
[2, 6, 13]
---------------------------------------------

61.171521857986185
[2, 6, 12]
---------------------------------------------

76.1206676302279
[2, 6, 11]
---------------------------------------------

65.15633430055065
[2, 6, 7]
---------------------------------------------

77.64306596180344
[2, 5, 14]
---------------------------------------------

88.57305921337864
[2, 5, 13]
---------------------------------------------

67.4980885381863
[2, 5, 12]
---------------------------------------------

83.9341347687635
[2, 5, 11]
---------------------------------------------

71.38001215666772
[2, 5, 7]
---------------------------------------------

25.122342656500553
[2, 4, 13]
---------------------------------------------

37.30723784295643
[2, 4, 10]
---------------------------------------------

42.02788448684917
[2, 4, 9]
---------------------------------------------

47.56006060357284
[2, 4, 8]
---------------------------------------------

55.848644591447616
[2, 4, 6]
---------------------------------------------

62.89479856427292
[2, 4, 5]
---------------------------------------------

26.917225274130946
[2, 3, 13]
---------------------------------------------

39.28760371156501
[2, 3, 10]
---------------------------------------------

44.270772301760516
[2, 3, 9]
---------------------------------------------

50.07306959360833
[2, 3, 8]
---------------------------------------------

54.107792129421696
[2, 3, 6]
---------------------------------------------

60.890743043731135
[2, 3, 5]
---------------------------------------------

49.3446431890708
[1, 13, 14]
---------------------------------------------

65.03626981940216
[1, 12, 13]
---------------------------------------------

57.18769743992236
[1, 11, 13]
---------------------------------------------

56.591712540846935
[1, 10, 14]
---------------------------------------------

66.54649013403554
[1, 10, 13]
---------------------------------------------

73.3946584873534
[1, 10, 12]
---------------------------------------------

61.08166201627626
[1, 10, 11]
---------------------------------------------

61.371689881536206
[1, 9, 14]
---------------------------------------------

77.46679239490885
[1, 9, 13]
---------------------------------------------

79.8175556463018
[1, 9, 12]
---------------------------------------------

65.74931589173083
[1, 9, 11]
---------------------------------------------

66.93920426677592
[1, 8, 14]
---------------------------------------------

89.99723747354952
[1, 8, 13]
---------------------------------------------

87.05058742362456
[1, 8, 12]
---------------------------------------------

71.20422130768304
[1, 8, 11]
---------------------------------------------

75.279306763738
[1, 7, 13]
---------------------------------------------

80.58598279601996
[1, 7, 10]
---------------------------------------------

87.1742052829702
[1, 7, 9]
---------------------------------------------

94.57357085577154
[1, 7, 8]
---------------------------------------------

91.31153550461163
[1, 6, 14]
---------------------------------------------

100.20125380568142
[1, 6, 13]
---------------------------------------------

82.07663854839228
[1, 6, 12]
---------------------------------------------

98.3556704442489
[1, 6, 11]
---------------------------------------------

87.17959728390176
[1, 6, 7]
---------------------------------------------

100.04545536863968
[1, 5, 14]
---------------------------------------------

114.94644518930119
[1, 5, 13]
---------------------------------------------

89.22325925579621
[1, 5, 12]
---------------------------------------------

107.27821118845512
[1, 5, 11]
---------------------------------------------

94.22687100690975
[1, 5, 7]
---------------------------------------------

33.05659076946885
[1, 4, 13]
---------------------------------------------

48.257110688660354
[1, 4, 10]
---------------------------------------------

53.50330024386689
[1, 4, 9]
---------------------------------------------

59.57455623178071
[1, 4, 8]
---------------------------------------------

73.79013469488952
[1, 4, 6]
---------------------------------------------

81.90763251796486
[1, 4, 5]
---------------------------------------------

32.92379432389975
[1, 3, 13]
---------------------------------------------

49.27325604252536
[1, 3, 10]
---------------------------------------------

54.7985362378178
[1, 3, 9]
---------------------------------------------

61.12016292619655
[1, 3, 8]
---------------------------------------------

70.48425847935421
[1, 3, 6]
---------------------------------------------

78.32280460482421
[1, 3, 5]
---------------------------------------------

Minimum losses for current step: 18.179092802317694
Total load: 2982.037516997674