29.738308148822703
[12, 13, 14]
---------------------------------------------

34.133449943337396
[11, 12, 13]
---------------------------------------------

31.30368600825406
[10, 12, 14]
---------------------------------------------

39.712540721224514
[10, 12, 13]
---------------------------------------------

34.91819853676014
[10, 11, 12]
---------------------------------------------

33.21382656698073
[9, 12, 14]
---------------------------------------------

46.494053035762974
[9, 12, 13]
---------------------------------------------

36.44071887099874
[9, 11, 12]
---------------------------------------------

35.884302344492546
[8, 12, 14]
---------------------------------------------

54.50655691861058
[8, 12, 13]
---------------------------------------------

38.72628449863903
[8, 11, 12]
---------------------------------------------

33.01198637321954
[7, 13, 14]
---------------------------------------------

37.72155497707353
[7, 11, 13]
---------------------------------------------

33.997844658839625
[7, 10, 14]
---------------------------------------------

43.61767952672733
[7, 10, 13]
---------------------------------------------

38.2176990568231
[7, 10, 11]
---------------------------------------------

35.61427018805315
[7, 9, 14]
---------------------------------------------

50.72052038716449
[7, 9, 13]
---------------------------------------------

39.44745812248887
[7, 9, 11]
---------------------------------------------

37.98831294923464
[7, 8, 14]
---------------------------------------------

59.05930633757668
[7, 8, 13]
---------------------------------------------

41.43841134124925
[7, 8, 11]
---------------------------------------------

42.661539104769126
[6, 13, 14]
---------------------------------------------

34.1566729985551
[6, 12, 14]
---------------------------------------------

48.00704828734148
[6, 11, 13]
---------------------------------------------

37.23664973990296
[6, 11, 12]
---------------------------------------------

53.287460159701986
[6, 10, 14]
---------------------------------------------

54.54365385565661
[6, 10, 13]
---------------------------------------------

65.74858419246127
[6, 10, 12]
---------------------------------------------

53.44765030431236
[6, 10, 11]
---------------------------------------------

60.19502137046319
[6, 9, 14]
---------------------------------------------

62.29470299465121
[6, 9, 13]
---------------------------------------------

75.5065430577931
[6, 9, 12]
---------------------------------------------

59.94681598129614
[6, 9, 11]
---------------------------------------------

68.1926204371217
[6, 8, 14]
---------------------------------------------

71.30954832044566
[6, 8, 13]
---------------------------------------------

86.55418353541963
[6, 8, 12]
---------------------------------------------

67.53050843411836
[6, 8, 11]
---------------------------------------------

35.61113259236192
[6, 7, 14]
---------------------------------------------

39.44720609030932
[6, 7, 11]
---------------------------------------------

60.72562567828379
[6, 7, 10]
---------------------------------------------

69.80492055607785
[6, 7, 9]
---------------------------------------------

80.15622651697859
[6, 7, 8]
---------------------------------------------

49.05717515402601
[5, 13, 14]
---------------------------------------------

37.65655312880603
[5, 12, 14]
---------------------------------------------

54.72344887932768
[5, 11, 13]
---------------------------------------------

40.287747397690275
[5, 11, 12]
---------------------------------------------

60.95113765709462
[5, 10, 14]
---------------------------------------------

61.590143370053944
[5, 10, 13]
---------------------------------------------

77.77480678783363
[5, 10, 12]
---------------------------------------------

60.80012639810659
[5, 10, 11]
---------------------------------------------

68.5075293805274
[5, 9, 14]
---------------------------------------------

69.6744751542599
[5, 9, 13]
---------------------------------------------

88.56775544863663
[5, 9, 12]
---------------------------------------------

67.94256823320684
[5, 9, 11]
---------------------------------------------

77.16316706276788
[5, 8, 14]
---------------------------------------------

79.02292684845487
[5, 8, 13]
---------------------------------------------

100.67087095957021
[5, 8, 12]
---------------------------------------------

76.17969566939294
[5, 8, 11]
---------------------------------------------

38.421671092169305
[5, 7, 14]
---------------------------------------------

41.81361045117148
[5, 7, 11]
---------------------------------------------

71.76993785281768
[5, 7, 10]
---------------------------------------------

81.87173020475188
[5, 7, 9]
---------------------------------------------

93.26215573995842
[5, 7, 8]
---------------------------------------------

24.628924344439678
[4, 12, 13]
---------------------------------------------

29.92091227983911
[4, 10, 12]
---------------------------------------------

33.64538157648038
[4, 9, 12]
---------------------------------------------

38.162097754698344
[4, 8, 12]
---------------------------------------------

26.492717260858687
[4, 7, 13]
---------------------------------------------

29.81255707792221
[4, 7, 10]
---------------------------------------------

33.2392806015601
[4, 7, 9]
---------------------------------------------

37.4408172727423
[4, 7, 8]
---------------------------------------------

33.28055821382747
[4, 6, 13]
---------------------------------------------

35.31802422022679
[4, 6, 12]
---------------------------------------------

64.97833133314343
[4, 6, 10]
---------------------------------------------

73.88340320680982
[4, 6, 9]
---------------------------------------------

83.91117569979244
[4, 6, 8]
---------------------------------------------

33.24953268321557
[4, 6, 7]
---------------------------------------------

38.22005272555145
[4, 5, 13]
---------------------------------------------

40.95547429040964
[4, 5, 12]
---------------------------------------------

74.18526589371653
[4, 5, 10]
---------------------------------------------

83.76610048969431
[4, 5, 9]
---------------------------------------------

94.47843742364442
[4, 5, 8]
---------------------------------------------

38.174742080472235
[4, 5, 7]
---------------------------------------------

31.497465294123373
[3, 12, 13]
---------------------------------------------

38.730199961504965
[3, 10, 12]
---------------------------------------------

43.39661317999643
[3, 9, 12]
---------------------------------------------

48.87790422126477
[3, 8, 12]
---------------------------------------------

32.67805364427471
[3, 7, 13]
---------------------------------------------

37.222218999282994
[3, 7, 10]
---------------------------------------------

41.58119357498317
[3, 7, 9]
---------------------------------------------

46.74898674210078
[3, 7, 8]
---------------------------------------------

38.0762814520485
[3, 6, 13]
---------------------------------------------

45.45310531421261
[3, 6, 12]
---------------------------------------------

78.66902490852164
[3, 6, 10]
---------------------------------------------

88.64948811145337
[3, 6, 9]
---------------------------------------------

99.76747822187136
[3, 6, 8]
---------------------------------------------

41.60194453305221
[3, 6, 7]
---------------------------------------------

42.30996729453974
[3, 5, 13]
---------------------------------------------

52.20414243732404
[3, 5, 12]
---------------------------------------------

88.71224485025164
[3, 5, 10]
---------------------------------------------

99.38374273027354
[3, 5, 9]
---------------------------------------------

111.20088027475744
[3, 5, 8]
---------------------------------------------

47.62938429830605
[3, 5, 7]
---------------------------------------------

54.41869186201239
[2, 13, 14]
---------------------------------------------

64.84240696886128
[2, 12, 13]
---------------------------------------------

62.8340703798181
[2, 11, 13]
---------------------------------------------

62.166067184089584
[2, 10, 14]
---------------------------------------------

72.79825206439823
[2, 10, 13]
---------------------------------------------

76.16551681215581
[2, 10, 12]
---------------------------------------------

66.9894269531148
[2, 10, 11]
---------------------------------------------

67.19706140395296
[2, 9, 14]
---------------------------------------------

84.3254855817668
[2, 9, 13]
---------------------------------------------

82.84651975195844
[2, 9, 12]
---------------------------------------------

71.90905836126586
[2, 9, 11]
---------------------------------------------

73.01820896986621
[2, 8, 14]
---------------------------------------------

97.47803151529475
[2, 8, 13]
---------------------------------------------

90.34059235501965
[2, 8, 12]
---------------------------------------------

77.61866102836265
[2, 8, 11]
---------------------------------------------

76.94881923076737
[2, 7, 13]
---------------------------------------------

84.74240284890578
[2, 7, 10]
---------------------------------------------

91.6242847228859
[2, 7, 9]
---------------------------------------------

99.31960157133176
[2, 7, 8]
---------------------------------------------

99.32464875944328
[2, 6, 14]
---------------------------------------------

107.6609845206376
[2, 6, 13]
---------------------------------------------

85.70684776483154
[2, 6, 12]
---------------------------------------------

106.84567032914484
[2, 6, 11]
---------------------------------------------

91.64752338266939
[2, 6, 7]
---------------------------------------------

110.414969602249
[2, 5, 14]
---------------------------------------------

126.38525570902262
[2, 5, 13]
---------------------------------------------

94.81695200452178
[2, 5, 12]
---------------------------------------------

118.17045133001103
[2, 5, 11]
---------------------------------------------

100.61045158036336
[2, 5, 7]
---------------------------------------------

34.8773836639842
[2, 4, 13]
---------------------------------------------

52.391029023761675
[2, 4, 10]
---------------------------------------------

58.010211707245894
[2, 4, 9]
---------------------------------------------

64.42634189799094
[2, 4, 8]
---------------------------------------------

77.91410242980237
[2, 4, 6]
---------------------------------------------

88.09061773660669
[2, 4, 5]
---------------------------------------------

36.90137185839206
[2, 3, 13]
---------------------------------------------

55.14517588178955
[2, 3, 10]
---------------------------------------------

61.091899766389695
[2, 3, 9]
---------------------------------------------

67.83932342412942
[2, 3, 8]
---------------------------------------------

75.23963051723102
[2, 3, 6]
---------------------------------------------

85.01670025457616
[2, 3, 5]
---------------------------------------------

72.19681650509116
[1, 13, 14]
---------------------------------------------

91.79471626082169
[1, 12, 13]
---------------------------------------------

81.98807556656507
[1, 11, 13]
---------------------------------------------

81.2540262395358
[1, 10, 14]
---------------------------------------------

93.32563771166232
[1, 10, 13]
---------------------------------------------

105.28138923200932
[1, 10, 12]
---------------------------------------------

86.79375415500714
[1, 10, 11]
---------------------------------------------

86.9470441387075
[1, 9, 14]
---------------------------------------------

106.26852510854506
[1, 9, 13]
---------------------------------------------

113.02307826357584
[1, 9, 12]
---------------------------------------------

92.37850329356182
[1, 9, 11]
---------------------------------------------

93.43666029488239
[1, 8, 14]
---------------------------------------------

120.86791325454045
[1, 8, 13]
---------------------------------------------

121.59016150506245
[1, 8, 12]
---------------------------------------------

98.75993234312004
[1, 8, 11]
---------------------------------------------

106.80349427041627
[1, 7, 13]
---------------------------------------------

115.99562963589821
[1, 7, 10]
---------------------------------------------

123.95323113696088
[1, 7, 9]
---------------------------------------------

132.7350969096013
[1, 7, 8]
---------------------------------------------

130.6834828191112
[1, 6, 14]
---------------------------------------------

143.5731250772323
[1, 6, 13]
---------------------------------------------

116.33334210698605
[1, 6, 12]
---------------------------------------------

139.39436826216132
[1, 6, 11]
---------------------------------------------

123.98764444920647
[1, 6, 7]
---------------------------------------------

143.44892193776238
[1, 5, 14]
---------------------------------------------

165.1983160114443
[1, 5, 13]
---------------------------------------------

126.69471675065867
[1, 5, 12]
---------------------------------------------

152.41515049577043
[1, 5, 11]
---------------------------------------------

134.20856886548736
[1, 5, 7]
---------------------------------------------

46.62079670181241
[1, 4, 13]
---------------------------------------------

68.3783598690196
[1, 4, 10]
---------------------------------------------

74.6553418515893
[1, 4, 9]
---------------------------------------------

81.73423715727358
[1, 4, 8]
---------------------------------------------

104.0936150507302
[1, 4, 6]
---------------------------------------------

115.89886625345727
[1, 4, 5]
---------------------------------------------

45.7704624221114
[1, 3, 13]
---------------------------------------------

69.6952413210385
[1, 3, 10]
---------------------------------------------

76.29758787847251
[1, 3, 9]
---------------------------------------------

83.70529873947741
[1, 3, 8]
---------------------------------------------

99.05089778131756
[1, 3, 6]
---------------------------------------------

110.42639497491953
[1, 3, 5]
---------------------------------------------

Minimum losses for current step: 24.628924344439678
Total load: 3479.0526431654866