83.75931631608461
[12, 13, 14]
---------------------------------------------

99.16542439390761
[11, 12, 13]
---------------------------------------------

81.49801231180633
[10, 12, 14]
---------------------------------------------

140.61884970283037
[10, 12, 13]
---------------------------------------------

98.0622686348004
[10, 11, 12]
---------------------------------------------

104.73517893468305
[9, 12, 14]
---------------------------------------------

209.61647416951607
[9, 12, 13]
---------------------------------------------

112.89519664164828
[9, 11, 12]
---------------------------------------------

144.85569181976138
[8, 12, 14]
---------------------------------------------

298.0654970535551
[8, 12, 13]
---------------------------------------------

144.20028199768134
[8, 11, 12]
---------------------------------------------

89.04771197163309
[7, 13, 14]
---------------------------------------------

106.33689899693493
[7, 11, 13]
---------------------------------------------

83.3467631026024
[7, 10, 14]
---------------------------------------------

149.7828637442215
[7, 10, 13]
---------------------------------------------

103.54582338894814
[7, 10, 11]
---------------------------------------------

104.77473688722031
[7, 9, 14]
---------------------------------------------

220.68045498288356
[7, 9, 13]
---------------------------------------------

116.62779135366132
[7, 9, 11]
---------------------------------------------

143.0021106784718
[7, 8, 14]
---------------------------------------------

310.1233567142287
[7, 8, 13]
---------------------------------------------

146.1004063484619
[7, 8, 11]
---------------------------------------------

104.65683238823561
[6, 13, 14]
---------------------------------------------

108.02999189389931
[6, 12, 14]
---------------------------------------------

125.77982633514945
[6, 11, 13]
---------------------------------------------

115.32994697260504
[6, 11, 12]
---------------------------------------------

165.45071867539187
[6, 10, 14]
---------------------------------------------

173.28692743016765
[6, 10, 13]
---------------------------------------------

207.59294750696472
[6, 10, 12]
---------------------------------------------

158.86163553739817
[6, 10, 11]
---------------------------------------------

231.75352263231414
[6, 9, 14]
---------------------------------------------

247.63923576725412
[6, 9, 13]
---------------------------------------------

288.7709313495702
[6, 9, 12]
---------------------------------------------

215.4429006480889
[6, 9, 11]
---------------------------------------------

316.6722488026299
[6, 8, 14]
---------------------------------------------

339.4203415053589
[6, 8, 13]
---------------------------------------------

386.99450616194787
[6, 8, 12]
---------------------------------------------

295.5574554283136
[6, 8, 11]
---------------------------------------------

104.60369655457278
[6, 7, 14]
---------------------------------------------

116.5024510286035
[6, 7, 11]
---------------------------------------------

193.90359742019734
[6, 7, 10]
---------------------------------------------

273.50971684381426
[6, 7, 9]
---------------------------------------------

369.51767659080605
[6, 7, 8]
---------------------------------------------

115.0329488814993
[5, 13, 14]
---------------------------------------------

119.55172084274179
[5, 12, 14]
---------------------------------------------

138.0935724754926
[5, 11, 13]
---------------------------------------------

124.06578460507197
[5, 11, 12]
---------------------------------------------

183.72455520353026
[5, 10, 14]
---------------------------------------------

187.68156269423844
[5, 10, 13]
---------------------------------------------

234.89693373518963
[5, 10, 12]
---------------------------------------------

175.08657399420076
[5, 10, 11]
---------------------------------------------

254.31584117516556
[5, 9, 14]
---------------------------------------------

263.69232086899325
[5, 9, 13]
---------------------------------------------

318.6820165581504
[5, 9, 12]
---------------------------------------------

235.81794133348566
[5, 9, 11]
---------------------------------------------

341.0631081318471
[5, 8, 14]
---------------------------------------------

356.6980011059161
[5, 8, 13]
---------------------------------------------

420.3467278538315
[5, 8, 12]
---------------------------------------------

318.74776652106783
[5, 8, 11]
---------------------------------------------

114.93292375130885
[5, 7, 14]
---------------------------------------------

124.07922949169524
[5, 7, 11]
---------------------------------------------

220.3973786717477
[5, 7, 10]
---------------------------------------------

302.38705422642187
[5, 7, 9]
---------------------------------------------

401.9419441746806
[5, 7, 8]
---------------------------------------------

101.35786921218455
[4, 12, 13]
---------------------------------------------

97.58363294310638
[4, 10, 12]
---------------------------------------------

132.24856647486004
[4, 9, 12]
---------------------------------------------

184.39609134104884
[4, 8, 12]
---------------------------------------------

104.36640307269072
[4, 7, 13]
---------------------------------------------

94.77200475131936
[4, 7, 10]
---------------------------------------------

127.5457231150094
[4, 7, 9]
---------------------------------------------

177.7115715753906
[4, 7, 8]
---------------------------------------------

115.29986131140579
[4, 6, 13]
---------------------------------------------

136.65780524112913
[4, 6, 12]
---------------------------------------------

205.62696121442372
[4, 6, 10]
---------------------------------------------

279.94664159310486
[4, 6, 9]
---------------------------------------------

370.0468558681628
[4, 6, 8]
---------------------------------------------

127.19648906229364
[4, 6, 7]
---------------------------------------------

123.26212305065604
[4, 5, 13]
---------------------------------------------

151.96498431306833
[4, 5, 12]
---------------------------------------------

226.5808418563326
[4, 5, 10]
---------------------------------------------

302.8476080682727
[4, 5, 9]
---------------------------------------------

395.70749478672076
[4, 5, 8]
---------------------------------------------

141.25636870001364
[4, 5, 7]
---------------------------------------------

126.09989797264174
[3, 12, 13]
---------------------------------------------

121.54785359796077
[3, 10, 12]
---------------------------------------------

162.24417467748108
[3, 9, 12]
---------------------------------------------

220.8197097169552
[3, 8, 12]
---------------------------------------------

128.02497222863585
[3, 7, 13]
---------------------------------------------

116.3879031589042
[3, 7, 10]
---------------------------------------------

155.14806207538896
[3, 7, 9]
---------------------------------------------

211.62361321540618
[3, 7, 8]
---------------------------------------------

136.70614586874896
[3, 6, 13]
---------------------------------------------

167.2258153203851
[3, 6, 12]
---------------------------------------------

237.09866114337945
[3, 6, 10]
---------------------------------------------

313.55566870828295
[3, 6, 9]
---------------------------------------------

406.8400555747419
[3, 6, 8]
---------------------------------------------

154.7002825784394
[3, 6, 7]
---------------------------------------------

143.51163461142613
[3, 5, 13]
---------------------------------------------

184.531405323237
[3, 5, 12]
---------------------------------------------

258.13887481744774
[3, 5, 10]
---------------------------------------------

337.2964468956389
[3, 5, 9]
---------------------------------------------

433.1185106530103
[3, 5, 8]
---------------------------------------------

170.73478016659928
[3, 5, 7]
---------------------------------------------

123.87529187793272
[2, 13, 14]
---------------------------------------------

209.60820631243942
[2, 12, 13]
---------------------------------------------

166.11681558682756
[2, 11, 13]
---------------------------------------------

158.72809409639953
[2, 10, 14]
---------------------------------------------

238.27043396322279
[2, 10, 13]
---------------------------------------------

203.4954916538517
[2, 10, 12]
---------------------------------------------

189.63651032035554
[2, 10, 11]
---------------------------------------------

201.5062752720728
[2, 9, 14]
---------------------------------------------

331.9945494209384
[2, 9, 13]
---------------------------------------------

255.5473432421254
[2, 9, 12]
---------------------------------------------

229.6121886386212
[2, 9, 11]
---------------------------------------------

262.1052855237448
[2, 8, 14]
---------------------------------------------

446.70926765091195
[2, 8, 13]
---------------------------------------------

324.33355234133927
[2, 8, 12]
---------------------------------------------

285.9888409492284
[2, 8, 11]
---------------------------------------------

235.6637811138057
[2, 7, 13]
---------------------------------------------

219.40087154430233
[2, 7, 10]
---------------------------------------------

271.61985834752323
[2, 7, 9]
---------------------------------------------

340.7291970381663
[2, 7, 8]
---------------------------------------------

274.4687673496637
[2, 6, 14]
---------------------------------------------

294.47868604302226
[2, 6, 13]
---------------------------------------------

261.4604466783953
[2, 6, 12]
---------------------------------------------

315.0556425392294
[2, 6, 11]
---------------------------------------------

270.8828751799591
[2, 6, 7]
---------------------------------------------

297.38207609034527
[2, 5, 14]
---------------------------------------------

327.3938521929993
[2, 5, 13]
---------------------------------------------

282.13474705069564
[2, 5, 12]
---------------------------------------------

338.16872868260697
[2, 5, 11]
---------------------------------------------

290.94419898264175
[2, 5, 7]
---------------------------------------------

117.89875960049879
[2, 4, 13]
---------------------------------------------

150.42317783841594
[2, 4, 10]
---------------------------------------------

196.94176833276134
[2, 4, 9]
---------------------------------------------

261.59931795517963
[2, 4, 8]
---------------------------------------------

245.2480371889253
[2, 4, 6]
---------------------------------------------

268.5175382745276
[2, 4, 5]
---------------------------------------------

134.82030152308764
[2, 3, 13]
---------------------------------------------

159.237906007108
[2, 3, 10]
---------------------------------------------

207.9135399414943
[2, 3, 9]
---------------------------------------------

274.8852053772267
[2, 3, 8]
---------------------------------------------

242.04220223136883
[2, 3, 6]
---------------------------------------------

264.7384682355049
[2, 3, 5]
---------------------------------------------

152.82956262286498
[1, 13, 14]
---------------------------------------------

265.12441705607256
[1, 12, 13]
---------------------------------------------

203.523227507011
[1, 11, 13]
---------------------------------------------

195.67613094030924
[1, 10, 14]
---------------------------------------------

280.4859807419193
[1, 10, 13]
---------------------------------------------

258.5586826522497
[1, 10, 12]
---------------------------------------------

230.33798682216107
[1, 10, 11]
---------------------------------------------

242.67689653535717
[1, 9, 14]
---------------------------------------------

379.6664435409325
[1, 9, 13]
---------------------------------------------

314.59086009275
[1, 9, 12]
---------------------------------------------

273.12609563509284
[1, 9, 11]
---------------------------------------------

307.6306707028173
[1, 8, 14]
---------------------------------------------

498.5268539995485
[1, 8, 13]
---------------------------------------------

387.00304714738246
[1, 8, 12]
---------------------------------------------

333.06698774623845
[1, 8, 11]
---------------------------------------------

293.70644077537884
[1, 7, 13]
---------------------------------------------

276.1744333383465
[1, 7, 10]
---------------------------------------------

332.56316987845287
[1, 7, 9]
---------------------------------------------

405.00801390580557
[1, 7, 8]
---------------------------------------------

331.96076293518297
[1, 6, 14]
---------------------------------------------

358.08049418891693
[1, 6, 13]
---------------------------------------------

320.8761557493687
[1, 6, 12]
---------------------------------------------

375.38655154285544
[1, 6, 11]
---------------------------------------------

331.61834473726134
[1, 6, 7]
---------------------------------------------

356.8978504062294
[1, 5, 14]
---------------------------------------------

393.1184880262805
[1, 5, 13]
---------------------------------------------

342.89572021370316
[1, 5, 12]
---------------------------------------------

400.28577354876046
[1, 5, 11]
---------------------------------------------

352.9872811400422
[1, 5, 7]
---------------------------------------------

136.85873713488903
[1, 4, 13]
---------------------------------------------

182.14514996183073
[1, 4, 10]
---------------------------------------------

232.84702390687232
[1, 4, 9]
---------------------------------------------

301.90934347217484
[1, 4, 8]
---------------------------------------------

299.69410522338325
[1, 4, 6]
---------------------------------------------

324.3465973298546
[1, 4, 5]
---------------------------------------------

149.09710461744743
[1, 3, 13]
---------------------------------------------

188.6053888605392
[1, 3, 10]
---------------------------------------------

241.4479506644394
[1, 3, 9]
---------------------------------------------

312.7638559976988
[1, 3, 8]
---------------------------------------------

294.4732523781011
[1, 3, 6]
---------------------------------------------

319.0108376634536
[1, 3, 5]
---------------------------------------------

Minimum losses for current step: 81.49801231180633
Total load: 6406.568114575958