93.75573802890885
[12, 13, 14]
---------------------------------------------

112.49138693197081
[11, 12, 13]
---------------------------------------------

92.9027483612608
[10, 12, 14]
---------------------------------------------

157.51241386589507
[10, 12, 13]
---------------------------------------------

112.09042225998328
[10, 11, 12]
---------------------------------------------

116.89255954589943
[9, 12, 14]
---------------------------------------------

229.84263101955287
[9, 12, 13]
---------------------------------------------

127.65221215410958
[9, 11, 12]
---------------------------------------------

157.80491685550328
[8, 12, 14]
---------------------------------------------

320.0203470860196
[8, 12, 13]
---------------------------------------------

159.72107377675403
[8, 11, 12]
---------------------------------------------

100.23042356819293
[7, 13, 14]
---------------------------------------------

121.08266935364496
[7, 11, 13]
---------------------------------------------

95.58571646807837
[7, 10, 14]
---------------------------------------------

168.33286480980146
[7, 10, 13]
---------------------------------------------

118.81599252854973
[7, 10, 11]
---------------------------------------------

117.57475321592311
[7, 9, 14]
---------------------------------------------

242.4661568699886
[7, 9, 13]
---------------------------------------------

132.44164664589113
[7, 9, 11]
---------------------------------------------

156.3933582753031
[7, 8, 14]
---------------------------------------------

333.9637428498728
[7, 8, 13]
---------------------------------------------

162.48396848327732
[7, 8, 11]
---------------------------------------------

119.36795780438601
[6, 13, 14]
---------------------------------------------

120.65598979871243
[6, 12, 14]
---------------------------------------------

144.51348385829291
[6, 11, 13]
---------------------------------------------

130.44843006575
[6, 11, 12]
---------------------------------------------

187.5884592829013
[6, 10, 14]
---------------------------------------------

196.31816329377673
[6, 10, 13]
---------------------------------------------

235.59259952188518
[6, 10, 12]
---------------------------------------------

181.30550343833417
[6, 10, 11]
---------------------------------------------

257.8877872200276
[6, 9, 14]
---------------------------------------------

273.90153290006805
[6, 9, 13]
---------------------------------------------

319.220902741894
[6, 9, 12]
---------------------------------------------

241.80475890482413
[6, 9, 11]
---------------------------------------------

344.38255055557477
[6, 8, 14]
---------------------------------------------

368.10905875319196
[6, 8, 13]
---------------------------------------------

420.7092380013767
[6, 8, 12]
---------------------------------------------

324.5247128510134
[6, 8, 11]
---------------------------------------------

117.4098401276182
[6, 7, 14]
---------------------------------------------

132.307711607392
[6, 7, 11]
---------------------------------------------

220.14844459995913
[6, 7, 10]
---------------------------------------------

301.99158683155053
[6, 7, 9]
---------------------------------------------

401.1432289929361
[6, 7, 8]
---------------------------------------------

132.09346771995115
[5, 13, 14]
---------------------------------------------

133.81131888831354
[5, 12, 14]
---------------------------------------------

159.41100153244585
[5, 11, 13]
---------------------------------------------

140.51588338977558
[5, 11, 12]
---------------------------------------------

209.10448727054816
[5, 10, 14]
---------------------------------------------

213.5563118362967
[5, 10, 13]
---------------------------------------------

266.47958765133427
[5, 10, 12]
---------------------------------------------

200.58027319075777
[5, 10, 11]
---------------------------------------------

283.04415564137565
[5, 9, 14]
---------------------------------------------

292.4895075869585
[5, 9, 13]
---------------------------------------------

353.68054228191636
[5, 9, 12]
---------------------------------------------

265.726768110775
[5, 9, 11]
---------------------------------------------

372.33178930990755
[5, 8, 14]
---------------------------------------------

388.2701912027341
[5, 8, 13]
---------------------------------------------

458.8062075867608
[5, 8, 12]
---------------------------------------------

351.2360497935518
[5, 8, 11]
---------------------------------------------

129.1079382066451
[5, 7, 14]
---------------------------------------------

140.95882531759207
[5, 7, 11]
---------------------------------------------

250.28951835815343
[5, 7, 10]
---------------------------------------------

335.23227334211646
[5, 7, 9]
---------------------------------------------

438.14746502170976
[5, 7, 8]
---------------------------------------------

111.14092305949801
[4, 12, 13]
---------------------------------------------

109.70890801712349
[4, 10, 12]
---------------------------------------------

146.39891590274553
[4, 9, 12]
---------------------------------------------

200.67939627779427
[4, 8, 12]
---------------------------------------------

114.82261717591932
[4, 7, 13]
---------------------------------------------

106.67213389480571
[4, 7, 10]
---------------------------------------------

141.26039951342887
[4, 7, 9]
---------------------------------------------

193.33833827059053
[4, 7, 8]
---------------------------------------------

128.19738757642523
[4, 6, 13]
---------------------------------------------

151.55511442867092
[4, 6, 12]
---------------------------------------------

233.24272978140777
[4, 6, 10]
---------------------------------------------

309.82675454901425
[4, 6, 9]
---------------------------------------------

403.23441060717846
[4, 6, 8]
---------------------------------------------

140.90084879748386
[4, 6, 7]
---------------------------------------------

137.9410309185882
[4, 5, 13]
---------------------------------------------

169.35916881109134
[4, 5, 12]
---------------------------------------------

256.8875319419624
[4, 5, 10]
---------------------------------------------

336.53057487788163
[4, 5, 9]
---------------------------------------------

432.7084825990365
[4, 5, 8]
---------------------------------------------

157.17395372958708
[4, 5, 7]
---------------------------------------------

139.40895252860804
[3, 12, 13]
---------------------------------------------

137.68747143190342
[3, 10, 12]
---------------------------------------------

181.12067358761084
[3, 9, 12]
---------------------------------------------

242.59517833667218
[3, 8, 12]
---------------------------------------------

141.7654356630574
[3, 7, 13]
---------------------------------------------

131.7661902999159
[3, 7, 10]
---------------------------------------------

173.04159636649987
[3, 7, 9]
---------------------------------------------

232.246405905989
[3, 7, 8]
---------------------------------------------

152.3756108323235
[3, 6, 13]
---------------------------------------------

186.99792038007772
[3, 6, 12]
---------------------------------------------

268.4608856836395
[3, 6, 10]
---------------------------------------------

348.1963613780209
[3, 6, 9]
---------------------------------------------

444.94483350026957
[3, 6, 8]
---------------------------------------------

172.57483229568643
[3, 6, 7]
---------------------------------------------

160.6960947036464
[3, 5, 13]
---------------------------------------------

207.27071206271916
[3, 5, 12]
---------------------------------------------

292.5959128670184
[3, 5, 10]
---------------------------------------------

375.612026983602
[3, 5, 9]
---------------------------------------------

475.1288080827159
[3, 5, 8]
---------------------------------------------

191.28442142277783
[3, 5, 7]
---------------------------------------------

143.11741819914215
[2, 13, 14]
---------------------------------------------

236.80940746325305
[2, 12, 13]
---------------------------------------------

191.70249436532373
[2, 11, 13]
---------------------------------------------

183.72054020009713
[2, 10, 14]
---------------------------------------------

267.30349106764606
[2, 10, 13]
---------------------------------------------

234.61565445516544
[2, 10, 12]
---------------------------------------------

217.75201943887498
[2, 10, 11]
---------------------------------------------

229.53234749715068
[2, 9, 14]
---------------------------------------------

364.76518341121164
[2, 9, 13]
---------------------------------------------

289.4748936273582
[2, 9, 12]
---------------------------------------------

259.4974391336046
[2, 9, 11]
---------------------------------------------

293.3096816974587
[2, 8, 14]
---------------------------------------------

482.71837030712004
[2, 8, 13]
---------------------------------------------

361.0013673730646
[2, 8, 12]
---------------------------------------------

318.3480687048086
[2, 8, 11]
---------------------------------------------

266.67355786116354
[2, 7, 13]
---------------------------------------------

252.769516910417
[2, 7, 10]
---------------------------------------------

308.0244143485442
[2, 7, 9]
---------------------------------------------

379.73420132332524
[2, 7, 8]
---------------------------------------------

312.08512790965244
[2, 6, 14]
---------------------------------------------

334.8682664906982
[2, 6, 13]
---------------------------------------------

296.4211437489625
[2, 6, 12]
---------------------------------------------

354.8669120424157
[2, 6, 11]
---------------------------------------------

307.18501254214414
[2, 6, 7]
---------------------------------------------

338.9741990119708
[2, 5, 14]
---------------------------------------------

372.91287306696006
[2, 5, 13]
---------------------------------------------

320.57133318150176
[2, 5, 12]
---------------------------------------------

381.843025805011
[2, 5, 11]
---------------------------------------------

330.6948671758594
[2, 5, 7]
---------------------------------------------

131.402707515905
[2, 4, 13]
---------------------------------------------

172.10610672550027
[2, 4, 10]
---------------------------------------------

222.05209175155676
[2, 4, 9]
---------------------------------------------

290.3296358925445
[2, 4, 8]
---------------------------------------------

278.8690355191291
[2, 4, 6]
---------------------------------------------

305.56193822539245
[2, 4, 5]
---------------------------------------------

150.07394157846286
[2, 3, 13]
---------------------------------------------

182.32366206875616
[2, 3, 10]
---------------------------------------------

234.69180046168137
[2, 3, 9]
---------------------------------------------

305.4425236258878
[2, 3, 8]
---------------------------------------------

275.2377588620407
[2, 3, 6]
---------------------------------------------

302.1154786620027
[2, 3, 5]
---------------------------------------------

178.82392724588544
[1, 13, 14]
---------------------------------------------

300.84597764326963
[1, 12, 13]
---------------------------------------------

235.90703542902511
[1, 11, 13]
---------------------------------------------

228.45701677046546
[1, 10, 14]
---------------------------------------------

316.8016465149757
[1, 10, 13]
---------------------------------------------

298.4950333189197
[1, 10, 12]
---------------------------------------------

264.9823008962842
[1, 10, 11]
---------------------------------------------

278.84421295136934
[1, 9, 14]
---------------------------------------------

419.6875228428183
[1, 9, 13]
---------------------------------------------

357.82197070876043
[1, 9, 12]
---------------------------------------------

310.4975906347999
[1, 9, 11]
---------------------------------------------

346.32562832796634
[1, 8, 14]
---------------------------------------------

542.4063811868765
[1, 8, 13]
---------------------------------------------

432.76376123414906
[1, 8, 12]
---------------------------------------------

373.16764656611275
[1, 8, 11]
---------------------------------------------

334.09016535303516
[1, 7, 13]
---------------------------------------------

318.96254480193977
[1, 7, 10]
---------------------------------------------

378.4084926868526
[1, 7, 9]
---------------------------------------------

453.5799912169162
[1, 7, 8]
---------------------------------------------

379.25728427455977
[1, 6, 14]
---------------------------------------------

408.01895883097166
[1, 6, 13]
---------------------------------------------

365.1062952895332
[1, 6, 12]
---------------------------------------------

424.8668548595395
[1, 6, 11]
---------------------------------------------

377.4302576943124
[1, 6, 7]
---------------------------------------------

408.1627146012504
[1, 5, 14]
---------------------------------------------

448.8868359331743
[1, 5, 13]
---------------------------------------------

390.46307863484424
[1, 5, 12]
---------------------------------------------

453.7350031204695
[1, 5, 11]
---------------------------------------------

402.15171123614545
[1, 5, 7]
---------------------------------------------

154.67411330547287
[1, 4, 13]
---------------------------------------------

210.2807973823654
[1, 4, 10]
---------------------------------------------

264.93732200148554
[1, 4, 9]
---------------------------------------------

338.17656745924836
[1, 4, 8]
---------------------------------------------

341.49873336686585
[1, 4, 6]
---------------------------------------------

370.2444317012636
[1, 4, 5]
---------------------------------------------

167.5166004998243
[1, 3, 13]
---------------------------------------------

217.59200487337762
[1, 3, 10]
---------------------------------------------

274.65089926881205
[1, 3, 9]
---------------------------------------------

349.543969245162
[1, 3, 8]
---------------------------------------------

335.41565108233726
[1, 3, 6]
---------------------------------------------

363.36554647596336
[1, 3, 5]
---------------------------------------------

Minimum losses for current step: 92.9027483612608
Total load: 6780.727695332709