104.81962381713305
[12, 13, 14]
---------------------------------------------

126.93621822838757
[11, 12, 13]
---------------------------------------------

105.43055779898344
[10, 12, 14]
---------------------------------------------

175.57506528239023
[10, 12, 13]
---------------------------------------------

127.2622571819981
[10, 11, 12]
---------------------------------------------

130.19844442314343
[9, 12, 14]
---------------------------------------------

250.81187648525156
[9, 12, 13]
---------------------------------------------

143.57769970023392
[9, 11, 12]
---------------------------------------------

171.92941460660305
[8, 12, 14]
---------------------------------------------

342.99725138033665
[8, 12, 13]
---------------------------------------------

176.43591133293637
[8, 11, 12]
---------------------------------------------

112.63561912985494
[7, 13, 14]
---------------------------------------------

137.10676105181227
[7, 11, 13]
---------------------------------------------

109.08207742486006
[7, 10, 14]
---------------------------------------------

188.22469480589155
[7, 10, 13]
---------------------------------------------

135.38313629655954
[7, 10, 11]
---------------------------------------------

131.65063705638224
[7, 9, 14]
---------------------------------------------

265.35167807447556
[7, 9, 13]
---------------------------------------------

149.5705736963063
[7, 9, 11]
---------------------------------------------

171.07992280889718
[7, 8, 14]
---------------------------------------------

358.96390600511114
[7, 8, 13]
---------------------------------------------

180.20098026918026
[7, 8, 11]
---------------------------------------------

135.7602716270617
[6, 13, 14]
---------------------------------------------

134.4673636406482
[6, 12, 14]
---------------------------------------------

165.01041162996614
[6, 11, 13]
---------------------------------------------

146.7675221924296
[6, 11, 12]
---------------------------------------------

211.55433515886048
[6, 10, 14]
---------------------------------------------

221.20696421717864
[6, 10, 13]
---------------------------------------------

264.8286834642362
[6, 10, 12]
---------------------------------------------

205.6078871803181
[6, 10, 11]
---------------------------------------------

285.01091046244636
[6, 9, 14]
---------------------------------------------

301.2078573373955
[6, 9, 13]
---------------------------------------------

351.53072068879624
[6, 9, 12]
---------------------------------------------

270.1266650134937
[6, 9, 11]
---------------------------------------------

373.8312725113829
[6, 8, 14]
---------------------------------------------

398.19077122226696
[6, 8, 13]
---------------------------------------------

456.1657384720701
[6, 8, 12]
---------------------------------------------

355.18521967926694
[6, 8, 11]
---------------------------------------------

131.4934522234921
[6, 7, 14]
---------------------------------------------

149.42664293274697
[6, 7, 11]
---------------------------------------------

247.96537285637243
[6, 7, 10]
---------------------------------------------

332.2331618944816
[6, 7, 9]
---------------------------------------------

434.41832192261774
[6, 7, 8]
---------------------------------------------

151.15150908273597
[5, 13, 14]
---------------------------------------------

149.3967866773511
[5, 12, 14]
---------------------------------------------

182.82161130376508
[5, 11, 13]
---------------------------------------------

158.2947092080929
[5, 11, 12]
---------------------------------------------

236.72550610803353
[5, 10, 14]
---------------------------------------------

241.6364811314755
[5, 10, 13]
---------------------------------------------

299.4318888570672
[5, 10, 12]
---------------------------------------------

228.2872909553743
[5, 10, 11]
---------------------------------------------

313.3612323555129
[5, 9, 14]
---------------------------------------------

323.02089673184724
[5, 9, 13]
---------------------------------------------

390.49982884905603
[5, 9, 12]
---------------------------------------------

297.9787346329566
[5, 9, 11]
---------------------------------------------

405.5861898967351
[5, 8, 14]
---------------------------------------------

421.69530118577757
[5, 8, 13]
---------------------------------------------

499.35188424233564
[5, 8, 12]
---------------------------------------------

385.8191963665407
[5, 8, 11]
---------------------------------------------

144.66361065151355
[5, 7, 14]
---------------------------------------------

159.24384951606822
[5, 7, 11]
---------------------------------------------

281.5905401266702
[5, 7, 10]
---------------------------------------------

369.9798802403356
[5, 7, 9]
---------------------------------------------

476.33438566903897
[5, 7, 8]
---------------------------------------------

121.58724732057631
[4, 12, 13]
---------------------------------------------

122.7965819817732
[4, 10, 12]
---------------------------------------------

161.55517664968954
[4, 9, 12]
---------------------------------------------

218.01482897051747
[4, 8, 12]
---------------------------------------------

126.0202284474987
[4, 7, 13]
---------------------------------------------

119.5323758363892
[4, 7, 10]
---------------------------------------------

155.96914514394496
[4, 7, 9]
---------------------------------------------

209.99538837884046
[4, 7, 8]
---------------------------------------------

142.1472809522939
[4, 6, 13]
---------------------------------------------

167.53493760071763
[4, 6, 12]
---------------------------------------------

261.84672755558967
[4, 6, 10]
---------------------------------------------

341.48189693447006
[4, 6, 9]
---------------------------------------------

438.12800241952044
[4, 6, 8]
---------------------------------------------

155.6017958014067
[4, 6, 7]
---------------------------------------------

153.90858300497345
[4, 5, 13]
---------------------------------------------

188.08903038072242
[4, 5, 12]
---------------------------------------------

288.89086526496254
[4, 5, 10]
---------------------------------------------

371.9728396680442
[4, 5, 9]
---------------------------------------------

471.71591056439877
[4, 5, 8]
---------------------------------------------

174.29929219049907
[4, 5, 7]
---------------------------------------------

153.5761671464015
[3, 12, 13]
---------------------------------------------

155.12413793595252
[3, 10, 12]
---------------------------------------------

201.35637934172794
[3, 9, 12]
---------------------------------------------

265.79815890237944
[3, 8, 12]
---------------------------------------------

156.4125874489162
[3, 7, 13]
---------------------------------------------

148.3693873969928
[3, 7, 10]
---------------------------------------------

192.21088048184086
[3, 7, 9]
---------------------------------------------

254.1369674007112
[3, 7, 8]
---------------------------------------------

169.19648430322047
[3, 6, 13]
---------------------------------------------

208.2288271804985
[3, 6, 12]
---------------------------------------------

301.11221459832285
[3, 6, 10]
---------------------------------------------

384.64137719625774
[3, 6, 9]
---------------------------------------------

484.90059478695105
[3, 6, 8]
---------------------------------------------

191.72893760341438
[3, 6, 7]
---------------------------------------------

179.23274466205757
[3, 5, 13]
---------------------------------------------

231.8584257485268
[3, 5, 12]
---------------------------------------------

329.25773947295744
[3, 5, 10]
---------------------------------------------

416.0079990563505
[3, 5, 9]
---------------------------------------------

519.2899156032992
[3, 5, 8]
---------------------------------------------

213.3885558370684
[3, 5, 7]
---------------------------------------------

164.5970047720383
[2, 13, 14]
---------------------------------------------

265.19402740549896
[2, 12, 13]
---------------------------------------------

219.24286140070836
[2, 11, 13]
---------------------------------------------

211.10263941309097
[2, 10, 14]
---------------------------------------------

297.96669572307445
[2, 10, 13]
---------------------------------------------

267.36094645744856
[2, 10, 12]
---------------------------------------------

246.99696501560106
[2, 10, 11]
---------------------------------------------

260.021815466777
[2, 9, 14]
---------------------------------------------

399.1636960712025
[2, 9, 13]
---------------------------------------------

325.3445154290946
[2, 9, 12]
---------------------------------------------

291.15548922929435
[2, 9, 11]
---------------------------------------------

326.2548796202927
[2, 8, 14]
---------------------------------------------

520.341391105142
[2, 8, 13]
---------------------------------------------

399.05185274460945
[2, 8, 12]
---------------------------------------------

352.4064900319126
[2, 8, 11]
---------------------------------------------

299.18894543980036
[2, 7, 13]
---------------------------------------------

288.1835036672442
[2, 7, 10]
---------------------------------------------

346.47867620288616
[2, 7, 9]
---------------------------------------------

420.3892112080253
[2, 7, 8]
---------------------------------------------

352.08609928952353
[2, 6, 14]
---------------------------------------------

377.20385631770955
[2, 6, 13]
---------------------------------------------

333.4467293376444
[2, 6, 12]
---------------------------------------------

396.88520067557033
[2, 6, 11]
---------------------------------------------

345.60449563049093
[2, 6, 7]
---------------------------------------------

382.9561031901179
[2, 5, 14]
---------------------------------------------

420.6737106291232
[2, 5, 13]
---------------------------------------------

360.7154616192642
[2, 5, 12]
---------------------------------------------

427.7188491690945
[2, 5, 11]
---------------------------------------------

372.1463224741577
[2, 5, 7]
---------------------------------------------

146.02197027066347
[2, 4, 13]
---------------------------------------------

195.64257610053983
[2, 4, 10]
---------------------------------------------

249.09808825649424
[2, 4, 9]
---------------------------------------------

321.0839331861913
[2, 4, 8]
---------------------------------------------

313.96285625222015
[2, 4, 6]
---------------------------------------------

344.7515898105147
[2, 4, 5]
---------------------------------------------

166.37811706238085
[2, 3, 13]
---------------------------------------------

207.36868054169835
[2, 3, 10]
---------------------------------------------

263.5209029879336
[2, 3, 9]
---------------------------------------------

337.3158610977814
[2, 3, 8]
---------------------------------------------

310.62098663586255
[2, 3, 6]
---------------------------------------------

340.5555193110346
[2, 3, 5]
---------------------------------------------

207.86982293316396
[1, 13, 14]
---------------------------------------------

338.589446580151
[1, 12, 13]
---------------------------------------------

270.1305419122818
[1, 11, 13]
---------------------------------------------

264.1722857587756
[1, 10, 14]
---------------------------------------------

355.4051754066612
[1, 10, 13]
---------------------------------------------

341.04742394831527
[1, 10, 12]
---------------------------------------------

301.8759159537555
[1, 10, 11]
---------------------------------------------

316.94090365158064
[1, 9, 14]
---------------------------------------------

461.83555053405973
[1, 9, 13]
---------------------------------------------

403.0659954712316
[1, 9, 12]
---------------------------------------------

350.08629012407937
[1, 9, 11]
---------------------------------------------

387.01781729861455
[1, 8, 14]
---------------------------------------------

588.331335559953
[1, 8, 13]
---------------------------------------------

480.70658296661924
[1, 8, 12]
---------------------------------------------

415.07841515181855
[1, 8, 11]
---------------------------------------------

376.20307581101974
[1, 7, 13]
---------------------------------------------

364.45659142618535
[1, 7, 10]
---------------------------------------------

426.79041814519053
[1, 7, 9]
---------------------------------------------

504.467230649548
[1, 7, 8]
---------------------------------------------

429.36670890646224
[1, 6, 14]
---------------------------------------------

460.99634766023996
[1, 6, 13]
---------------------------------------------

411.62059852778236
[1, 6, 12]
---------------------------------------------

477.04498480654394
[1, 6, 11]
---------------------------------------------

425.75377620002143
[1, 6, 7]
---------------------------------------------

462.6908299633511
[1, 5, 14]
---------------------------------------------

508.12102293241236
[1, 5, 13]
---------------------------------------------

441.06204227283655
[1, 5, 12]
---------------------------------------------

510.23736648443287
[1, 5, 11]
---------------------------------------------

454.42821599008596
[1, 5, 7]
---------------------------------------------

174.1027059176787
[1, 4, 13]
---------------------------------------------

241.03169016699215
[1, 4, 10]
---------------------------------------------

299.6639898430458
[1, 4, 9]
---------------------------------------------

376.9045835799317
[1, 4, 8]
---------------------------------------------

385.5730290934718
[1, 4, 6]
---------------------------------------------

417.7675813516092
[1, 4, 5]
---------------------------------------------

187.43427251023013
[1, 3, 13]
---------------------------------------------

249.23719139072514
[1, 3, 10]
---------------------------------------------

310.3831308800695
[1, 3, 9]
---------------------------------------------

387.32552258729356
[1, 3, 8]
---------------------------------------------

377.63722801132616
[1, 3, 6]
---------------------------------------------

409.2455010984731
[1, 3, 5]
---------------------------------------------

Minimum losses for current step: 104.81962381713305
Total load: 7157.4358375131005