47.08166718427797
[12, 13, 14]
---------------------------------------------

54.82330336067518
[11, 12, 13]
---------------------------------------------

49.68262169229985
[10, 12, 14]
---------------------------------------------

65.03199488930976
[10, 12, 13]
---------------------------------------------

56.11616521048979
[10, 11, 12]
---------------------------------------------

53.31090483071749
[9, 12, 14]
---------------------------------------------

77.76423628555612
[9, 12, 13]
---------------------------------------------

58.95303113034735
[9, 11, 12]
---------------------------------------------

58.513744663041585
[8, 12, 14]
---------------------------------------------

93.10306280486057
[8, 12, 13]
---------------------------------------------

63.35260437309765
[8, 11, 12]
---------------------------------------------

52.20254898833464
[7, 13, 14]
---------------------------------------------

60.51666050734455
[7, 11, 13]
---------------------------------------------

53.76030576049569
[7, 10, 14]
---------------------------------------------

71.30747571823741
[7, 10, 13]
---------------------------------------------

61.29080035259867
[7, 10, 11]
---------------------------------------------

56.85889816835444
[7, 9, 14]
---------------------------------------------

84.63321929535847
[7, 9, 13]
---------------------------------------------

63.60319109233681
[7, 9, 11]
---------------------------------------------

61.52476431694178
[7, 8, 14]
---------------------------------------------

100.60652711900694
[7, 8, 13]
---------------------------------------------

67.47111895053236
[7, 8, 11]
---------------------------------------------

67.31079236719539
[6, 13, 14]
---------------------------------------------

54.892546931095566
[6, 12, 14]
---------------------------------------------

76.79105891298904
[6, 11, 13]
---------------------------------------------

60.26273937440764
[6, 11, 12]
---------------------------------------------

86.47597182717705
[6, 10, 14]
---------------------------------------------

88.76768845232296
[6, 10, 13]
---------------------------------------------

107.42346819333676
[6, 10, 12]
---------------------------------------------

86.6274879953832
[6, 10, 11]
---------------------------------------------

99.39208476504729
[6, 9, 14]
---------------------------------------------

103.3024189593642
[6, 9, 13]
---------------------------------------------

125.71794643945876
[6, 9, 12]
---------------------------------------------

98.68175373172406
[6, 9, 11]
---------------------------------------------

114.61452285204102
[6, 8, 14]
---------------------------------------------

120.52558858505121
[6, 8, 13]
---------------------------------------------

146.78493252165865
[6, 8, 12]
---------------------------------------------

113.01980312783238
[6, 8, 11]
---------------------------------------------

56.85897244901445
[6, 7, 14]
---------------------------------------------

63.60323778735981
[6, 7, 11]
---------------------------------------------

99.11895059857405
[6, 7, 10]
---------------------------------------------

116.15464705515335
[6, 7, 9]
---------------------------------------------

135.89477604637386
[6, 7, 8]
---------------------------------------------

77.33406110703969
[5, 13, 14]
---------------------------------------------

60.669584236737315
[5, 12, 14]
---------------------------------------------

87.40899822491491
[5, 11, 13]
---------------------------------------------

65.22704951623474
[5, 11, 12]
---------------------------------------------

98.83130026052358
[5, 10, 14]
---------------------------------------------

99.99032244539015
[5, 10, 13]
---------------------------------------------

126.94570404079226
[5, 10, 12]
---------------------------------------------

98.40796574277148
[5, 10, 11]
---------------------------------------------

112.94603221168418
[5, 9, 14]
---------------------------------------------

115.14155044158353
[5, 9, 13]
---------------------------------------------

147.1977782983246
[5, 9, 12]
---------------------------------------------

111.64727013973285
[5, 9, 11]
---------------------------------------------

129.43796744866475
[5, 8, 14]
---------------------------------------------

133.00510413008166
[5, 8, 13]
---------------------------------------------

170.28076234230656
[5, 8, 12]
---------------------------------------------

127.23661213057012
[5, 8, 11]
---------------------------------------------

61.54968327723673
[5, 7, 14]
---------------------------------------------

67.49235132419479
[5, 7, 11]
---------------------------------------------

117.06594864954134
[5, 7, 10]
---------------------------------------------

135.99086269346708
[5, 7, 9]
---------------------------------------------

157.70359644340016
[5, 7, 8]
---------------------------------------------

40.504471516083306
[4, 12, 13]
---------------------------------------------

48.54983406689675
[4, 10, 12]
---------------------------------------------

55.47696311785923
[4, 9, 12]
---------------------------------------------

64.02861378796297
[4, 8, 12]
---------------------------------------------

43.406362954841214
[4, 7, 13]
---------------------------------------------

48.22944059372199
[4, 7, 10]
---------------------------------------------

54.60482800333427
[4, 7, 9]
---------------------------------------------

62.59700539696623
[4, 7, 8]
---------------------------------------------

53.99474086385164
[4, 6, 13]
---------------------------------------------

58.19919915198667
[4, 6, 12]
---------------------------------------------

106.1490923648606
[4, 6, 10]
---------------------------------------------

122.78984506632382
[4, 6, 9]
---------------------------------------------

141.84280733685225
[4, 6, 8]
---------------------------------------------

54.6050727743464
[4, 6, 7]
---------------------------------------------

61.71321732535396
[4, 5, 13]
---------------------------------------------

67.36474663392634
[4, 5, 12]
---------------------------------------------

121.01872206882254
[4, 5, 10]
---------------------------------------------

138.9224711265841
[4, 5, 9]
---------------------------------------------

159.26856508901528
[4, 5, 8]
---------------------------------------------

62.63735979519897
[4, 5, 7]
---------------------------------------------

52.00241160474615
[3, 12, 13]
---------------------------------------------

62.90732616399093
[3, 10, 12]
---------------------------------------------

71.5700478033039
[3, 9, 12]
---------------------------------------------

81.88383450852015
[3, 8, 12]
---------------------------------------------

53.83452231205868
[3, 7, 13]
---------------------------------------------

60.37503278552481
[3, 7, 10]
---------------------------------------------

68.47424121547795
[3, 7, 9]
---------------------------------------------

78.21655633882202
[3, 7, 8]
---------------------------------------------

62.24418446481202
[3, 6, 13]
---------------------------------------------

74.89667736877469
[3, 6, 12]
---------------------------------------------

128.5475473048365
[3, 6, 10]
---------------------------------------------

147.22201033277122
[3, 6, 9]
---------------------------------------------

168.36538114654007
[3, 6, 8]
---------------------------------------------

68.47461302005495
[3, 6, 7]
---------------------------------------------

68.85181035785097
[3, 5, 13]
---------------------------------------------

85.84534507632303
[3, 5, 12]
---------------------------------------------

144.80584709701066
[3, 5, 10]
---------------------------------------------

164.77785911251286
[3, 5, 9]
---------------------------------------------

187.25026883691837
[3, 5, 8]
---------------------------------------------

78.2650718338201
[3, 5, 7]
---------------------------------------------

85.87961121419038
[2, 13, 14]
---------------------------------------------

106.14195542541118
[2, 12, 13]
---------------------------------------------

101.09709310599152
[2, 11, 13]
---------------------------------------------

99.72599625039845
[2, 10, 14]
---------------------------------------------

119.54957374913454
[2, 10, 13]
---------------------------------------------

123.16474140797823
[2, 10, 12]
---------------------------------------------

108.58354327903439
[2, 10, 11]
---------------------------------------------

109.05635840215236
[2, 9, 14]
---------------------------------------------

141.38125098262825
[2, 9, 13]
---------------------------------------------

135.5508614634902
[2, 9, 12]
---------------------------------------------

117.68512455308131
[2, 9, 11]
---------------------------------------------

120.04213983233278
[2, 8, 14]
---------------------------------------------

166.75501084533002
[2, 8, 13]
---------------------------------------------

149.64926893144275
[2, 8, 12]
---------------------------------------------

128.4377930993391
[2, 8, 11]
---------------------------------------------

125.81731379040518
[2, 7, 13]
---------------------------------------------

137.0173197698857
[2, 7, 10]
---------------------------------------------

149.79759157638966
[2, 7, 9]
---------------------------------------------

164.29748048337666
[2, 7, 8]
---------------------------------------------

161.7610234672519
[2, 6, 14]
---------------------------------------------

175.24827214398167
[2, 6, 13]
---------------------------------------------

140.18604910414052
[2, 6, 12]
---------------------------------------------

175.17216541040463
[2, 6, 11]
---------------------------------------------

149.79844072966003
[2, 6, 7]
---------------------------------------------

179.5332862791482
[2, 5, 14]
---------------------------------------------

203.01093279987575
[2, 5, 13]
---------------------------------------------

154.96679949208794
[2, 5, 12]
---------------------------------------------

192.73631189807713
[2, 5, 11]
---------------------------------------------

164.36832045072592
[2, 5, 7]
---------------------------------------------

56.495011437398965
[2, 4, 13]
---------------------------------------------

84.66942373762573
[2, 4, 10]
---------------------------------------------

95.04437423496695
[2, 4, 9]
---------------------------------------------

107.09239383718058
[2, 4, 8]
---------------------------------------------

127.490698055283
[2, 4, 6]
---------------------------------------------

143.96374216872476
[2, 4, 5]
---------------------------------------------

60.4125135609307
[2, 3, 13]
---------------------------------------------

89.25606217985583
[2, 3, 10]
---------------------------------------------

100.23562055362382
[2, 3, 9]
---------------------------------------------

112.89905853090737
[2, 3, 8]
---------------------------------------------

123.27666300360487
[2, 3, 6]
---------------------------------------------

139.10298393316097
[2, 3, 5]
---------------------------------------------

113.88733370953389
[1, 13, 14]
---------------------------------------------

149.7698186991945
[1, 12, 13]
---------------------------------------------

131.62844843451754
[1, 11, 13]
---------------------------------------------

130.131038817847
[1, 10, 14]
---------------------------------------------

152.69484537589724
[1, 10, 13]
---------------------------------------------

170.0777018194025
[1, 10, 12]
---------------------------------------------

140.3348132176543
[1, 10, 11]
---------------------------------------------

140.69091203347688
[1, 9, 14]
---------------------------------------------

177.21956173825214
[1, 9, 13]
---------------------------------------------

184.46662591824042
[1, 9, 12]
---------------------------------------------

150.670777371934
[1, 9, 11]
---------------------------------------------

152.92407824600562
[1, 8, 14]
---------------------------------------------

204.40393541404842
[1, 8, 13]
---------------------------------------------

200.11168917889984
[1, 8, 12]
---------------------------------------------

162.6757248031053
[1, 8, 11]
---------------------------------------------

174.23969845722215
[1, 7, 13]
---------------------------------------------

186.9810471634213
[1, 7, 10]
---------------------------------------------

200.952579703465
[1, 7, 9]
---------------------------------------------

216.6045164171305
[1, 7, 8]
---------------------------------------------

210.45456120903737
[1, 6, 14]
---------------------------------------------

228.23850581361043
[1, 6, 13]
---------------------------------------------

189.69615961005752
[1, 6, 12]
---------------------------------------------

224.32123654839594
[1, 6, 11]
---------------------------------------------

200.95362571403828
[1, 6, 7]
---------------------------------------------

229.6008986116948
[1, 5, 14]
---------------------------------------------

258.42094075580405
[1, 5, 13]
---------------------------------------------

205.90640896858733
[1, 5, 12]
---------------------------------------------

243.51296317141183
[1, 5, 11]
---------------------------------------------

216.68073888464613
[1, 5, 7]
---------------------------------------------

74.83537990824932
[1, 4, 13]
---------------------------------------------

110.0753206776302
[1, 4, 10]
---------------------------------------------

121.6608352936082
[1, 4, 9]
---------------------------------------------

134.98340980932764
[1, 4, 8]
---------------------------------------------

169.78629745312182
[1, 4, 6]
---------------------------------------------

188.92126104906887
[1, 4, 5]
---------------------------------------------

74.22569112675295
[1, 3, 13]
---------------------------------------------

112.39625567564464
[1, 3, 10]
---------------------------------------------

124.62154802930112
[1, 3, 9]
---------------------------------------------

138.51993540697478
[1, 3, 8]
---------------------------------------------

161.722051859584
[1, 3, 6]
---------------------------------------------

180.1533249548313
[1, 3, 5]
---------------------------------------------

Minimum losses for current step: 40.504471516083306