152.37241708299675
[12, 13, 14]
---------------------------------------------

180.8578949894541
[11, 12, 13]
---------------------------------------------

161.00686198519185
[10, 12, 14]
---------------------------------------------

220.33231620912431
[10, 12, 13]
---------------------------------------------

185.1225430221552
[10, 11, 12]
---------------------------------------------

175.16603716635052
[9, 12, 14]
---------------------------------------------

270.7093845244455
[9, 12, 13]
---------------------------------------------

195.87724725263072
[9, 11, 12]
---------------------------------------------

196.08352555411778
[8, 12, 14]
---------------------------------------------

327.49088285320016
[8, 12, 13]
---------------------------------------------

213.28227702046843
[8, 11, 12]
---------------------------------------------

168.94887330579664
[7, 13, 14]
---------------------------------------------

199.70163910103798
[7, 11, 13]
---------------------------------------------

173.76032635294735
[7, 10, 14]
---------------------------------------------

241.52956504301156
[7, 10, 13]
---------------------------------------------

202.0765709263516
[7, 10, 11]
---------------------------------------------

185.94577678258878
[7, 9, 14]
---------------------------------------------

293.23605862369226
[7, 9, 13]
---------------------------------------------

210.8979999129001
[7, 9, 11]
---------------------------------------------

204.83189943603912
[7, 8, 14]
---------------------------------------------

351.5341074792366
[7, 8, 13]
---------------------------------------------

226.31412220172086
[7, 8, 11]
---------------------------------------------

217.94264978303903
[6, 13, 14]
---------------------------------------------

180.60405298461367
[6, 12, 14]
---------------------------------------------

253.3900383699199
[6, 11, 13]
---------------------------------------------

200.28591989667083
[6, 11, 12]
---------------------------------------------

290.97751416864014
[6, 10, 14]
---------------------------------------------

299.98708397273333
[6, 10, 13]
---------------------------------------------

355.2823129422922
[6, 10, 12]
---------------------------------------------

290.9717526018323
[6, 10, 11]
---------------------------------------------

341.47802248090574
[6, 9, 14]
---------------------------------------------

353.8156694592416
[6, 9, 13]
---------------------------------------------

416.20921983624345
[6, 9, 12]
---------------------------------------------

338.55671070432686
[6, 9, 11]
---------------------------------------------

398.2031671831976
[6, 8, 14]
---------------------------------------------

414.8842517422193
[6, 8, 13]
---------------------------------------------

484.74720477927286
[6, 8, 12]
---------------------------------------------

393.31886870835274
[6, 8, 11]
---------------------------------------------

185.9298585283257
[6, 7, 14]
---------------------------------------------

210.8882635190811
[6, 7, 11]
---------------------------------------------

331.76520865799455
[6, 7, 10]
---------------------------------------------

390.29268207495335
[6, 7, 9]
---------------------------------------------

456.4650272804981
[6, 7, 8]
---------------------------------------------

250.58659216991424
[5, 13, 14]
---------------------------------------------

200.20188480402615
[5, 12, 14]
---------------------------------------------

288.47132601386227
[5, 11, 13]
---------------------------------------------

216.79742024010653
[5, 11, 12]
---------------------------------------------

332.9437681769843
[5, 10, 14]
---------------------------------------------

336.6519151982325
[5, 10, 13]
---------------------------------------------

411.07708359807356
[5, 10, 12]
---------------------------------------------

330.74211731341506
[5, 10, 11]
---------------------------------------------

385.7389663676752
[5, 9, 14]
---------------------------------------------

391.88659536022067
[5, 9, 13]
---------------------------------------------

476.1073123630592
[5, 9, 12]
---------------------------------------------

381.94573963709433
[5, 9, 11]
---------------------------------------------

445.35190693500317
[5, 8, 14]
---------------------------------------------

454.7701379580199
[5, 8, 13]
---------------------------------------------

548.254088006754
[5, 8, 12]
---------------------------------------------

438.60083512672725
[5, 8, 11]
---------------------------------------------

201.95777556968966
[5, 7, 14]
---------------------------------------------

223.9069434761375
[5, 7, 11]
---------------------------------------------

384.8328968746099
[5, 7, 10]
---------------------------------------------

447.4704020311743
[5, 7, 9]
---------------------------------------------

517.5800504092869
[5, 7, 8]
---------------------------------------------

136.3442581348038
[4, 12, 13]
---------------------------------------------

161.2430070020874
[4, 10, 12]
---------------------------------------------

188.09470835899023
[4, 9, 12]
---------------------------------------------

222.12147476962642
[4, 8, 12]
---------------------------------------------

145.56577254526943
[4, 7, 13]
---------------------------------------------

159.4491114784656
[4, 7, 10]
---------------------------------------------

184.20438424179247
[4, 7, 9]
---------------------------------------------

216.03520325192898
[4, 7, 8]
---------------------------------------------

179.33301705325223
[4, 6, 13]
---------------------------------------------

197.40429590700293
[4, 6, 12]
---------------------------------------------

350.9071262991918
[4, 6, 10]
---------------------------------------------

407.6350376941968
[4, 6, 9]
---------------------------------------------

471.4506758598431
[4, 6, 8]
---------------------------------------------

184.1528250937353
[4, 6, 7]
---------------------------------------------

204.06760475950242
[4, 5, 13]
---------------------------------------------

228.52484491499874
[4, 5, 12]
---------------------------------------------

395.8403763946667
[4, 5, 10]
---------------------------------------------

455.5839669061656
[4, 5, 9]
---------------------------------------------

521.8409542773026
[4, 5, 8]
---------------------------------------------

211.40538434026368
[4, 5, 7]
---------------------------------------------

177.07714665336655
[3, 12, 13]
---------------------------------------------

210.86795103606195
[3, 10, 12]
---------------------------------------------

244.7079563546353
[3, 9, 12]
---------------------------------------------

285.6942917473019
[3, 8, 12]
---------------------------------------------

182.86232791041894
[3, 7, 13]
---------------------------------------------

201.75726452313165
[3, 7, 10]
---------------------------------------------

233.37645819756182
[3, 7, 9]
---------------------------------------------

272.3392361045017
[3, 7, 8]
---------------------------------------------

209.53540504888085
[3, 6, 13]
---------------------------------------------

256.17057893210307
[3, 6, 12]
---------------------------------------------

410.85732677559326
[3, 6, 10]
---------------------------------------------

471.00891452774727
[3, 6, 9]
---------------------------------------------

537.9648716382411
[3, 6, 8]
---------------------------------------------

233.29738053875548
[3, 6, 7]
---------------------------------------------

230.60275571490487
[3, 5, 13]
---------------------------------------------

293.2286160574446
[3, 5, 12]
---------------------------------------------

457.60355154294234
[3, 5, 10]
---------------------------------------------

520.6077310169583
[3, 5, 9]
---------------------------------------------

589.3656113356069
[3, 5, 8]
---------------------------------------------

266.73348250973663
[3, 5, 7]
---------------------------------------------

278.38708000842837
[2, 13, 14]
---------------------------------------------

347.95145113295314
[2, 12, 13]
---------------------------------------------

328.9252630959929
[2, 11, 13]
---------------------------------------------

326.7810151750023
[2, 10, 14]
---------------------------------------------

388.953458508697
[2, 10, 13]
---------------------------------------------

393.3116910488236
[2, 10, 12]
---------------------------------------------

354.74353874506636
[2, 10, 11]
---------------------------------------------

361.08466084688695
[2, 9, 14]
---------------------------------------------

457.9675511301656
[2, 9, 13]
---------------------------------------------

435.474158247743
[2, 9, 12]
---------------------------------------------

387.0800089288113
[2, 9, 11]
---------------------------------------------

402.2947583642936
[2, 8, 14]
---------------------------------------------

535.483795543765
[2, 8, 13]
---------------------------------------------

484.2252747505806
[2, 8, 12]
---------------------------------------------

426.5245717847404
[2, 8, 11]
---------------------------------------------

401.35846541988474
[2, 7, 13]
---------------------------------------------

428.5346557974567
[2, 7, 10]
---------------------------------------------

471.0424219974849
[2, 7, 9]
---------------------------------------------

519.8536700532076
[2, 7, 8]
---------------------------------------------

495.21062466114256
[2, 6, 14]
---------------------------------------------

527.6428545540983
[2, 6, 13]
---------------------------------------------

449.469879742648
[2, 6, 12]
---------------------------------------------

530.0626583968292
[2, 6, 11]
---------------------------------------------

470.8949887579578
[2, 6, 7]
---------------------------------------------

544.5694067028527
[2, 5, 14]
---------------------------------------------

599.8502788696709
[2, 5, 13]
---------------------------------------------

492.6659239990379
[2, 5, 12]
---------------------------------------------

579.2757533942128
[2, 5, 11]
---------------------------------------------

513.1273266041904
[2, 5, 7]
---------------------------------------------

187.59287876622722
[2, 4, 13]
---------------------------------------------

283.449973852688
[2, 4, 10]
---------------------------------------------

324.0913383466994
[2, 4, 9]
---------------------------------------------

372.0310449398036
[2, 4, 8]
---------------------------------------------

419.8520974862605
[2, 4, 6]
---------------------------------------------

467.6137072829523
[2, 4, 5]
---------------------------------------------

203.74373401538128
[2, 3, 13]
---------------------------------------------

299.5205320843242
[2, 3, 10]
---------------------------------------------

340.8579352529415
[2, 3, 9]
---------------------------------------------

388.41527642138436
[2, 3, 8]
---------------------------------------------

410.2949708752438
[2, 3, 6]
---------------------------------------------

456.84223352056716
[2, 3, 5]
---------------------------------------------

363.11629785425447
[1, 13, 14]
---------------------------------------------

465.32827346311745
[1, 12, 13]
---------------------------------------------

418.72383276630313
[1, 11, 13]
---------------------------------------------

417.9373508003422
[1, 10, 14]
---------------------------------------------

484.02647668013196
[1, 10, 13]
---------------------------------------------

516.605319435814
[1, 10, 12]
---------------------------------------------

447.81378447997224
[1, 10, 11]
---------------------------------------------

455.66010860407675
[1, 9, 14]
---------------------------------------------

557.7877346353864
[1, 9, 13]
---------------------------------------------

562.8229840797419
[1, 9, 12]
---------------------------------------------

483.74807226542777
[1, 9, 11]
---------------------------------------------

500.2719400400065
[1, 8, 14]
---------------------------------------------

639.1248188520788
[1, 8, 13]
---------------------------------------------

614.3191592135364
[1, 8, 12]
---------------------------------------------

526.1807186571369
[1, 8, 11]
---------------------------------------------

526.1057090413478
[1, 7, 13]
---------------------------------------------

556.6433539509694
[1, 7, 10]
---------------------------------------------

602.8121430283945
[1, 7, 9]
---------------------------------------------

654.3591160620707
[1, 7, 8]
---------------------------------------------

622.1708380675972
[1, 6, 14]
---------------------------------------------

665.797586727147
[1, 6, 13]
---------------------------------------------

577.2392370289784
[1, 6, 12]
---------------------------------------------

659.4182415671161
[1, 6, 11]
---------------------------------------------

602.7065594334351
[1, 6, 7]
---------------------------------------------

674.912514798476
[1, 5, 14]
---------------------------------------------

743.7772864580595
[1, 5, 13]
---------------------------------------------

622.9626303806956
[1, 5, 12]
---------------------------------------------

712.1925972360242
[1, 5, 11]
---------------------------------------------

647.2903772320103
[1, 5, 7]
---------------------------------------------

247.0610479795178
[1, 4, 13]
---------------------------------------------

368.48049731269214
[1, 4, 10]
---------------------------------------------

412.2039038414237
[1, 4, 9]
---------------------------------------------

461.2211266160825
[1, 4, 8]
---------------------------------------------

534.7490579049324
[1, 4, 6]
---------------------------------------------

586.5354530074984
[1, 4, 5]
---------------------------------------------

247.91501903433647
[1, 3, 13]
---------------------------------------------

375.0203222588677
[1, 3, 10]
---------------------------------------------

419.74619097617676
[1, 3, 9]
---------------------------------------------

470.65405302216016
[1, 3, 8]
---------------------------------------------

517.7979998227211
[1, 3, 6]
---------------------------------------------

568.5831588771235
[1, 3, 5]
---------------------------------------------

Minimum losses for current step: 136.3442581348038