217.81632944915427
[12, 13, 14]
---------------------------------------------

265.8569626163422
[11, 12, 13]
---------------------------------------------

219.19385381722128
[10, 12, 14]
---------------------------------------------

362.7573701291635
[10, 12, 13]
---------------------------------------------

266.49926616442355
[10, 11, 12]
---------------------------------------------

271.5977324185155
[9, 12, 14]
---------------------------------------------

497.4387640835815
[9, 12, 13]
---------------------------------------------

300.66897242584616
[9, 11, 12]
---------------------------------------------

360.6368570083568
[8, 12, 14]
---------------------------------------------

666.9759894026458
[8, 12, 13]
---------------------------------------------

370.0777809529987
[8, 11, 12]
---------------------------------------------

234.41225472703513
[7, 13, 14]
---------------------------------------------

287.6442482741467
[7, 11, 13]
---------------------------------------------

226.9832326342704
[7, 10, 14]
---------------------------------------------

387.3700722329123
[7, 10, 13]
---------------------------------------------

283.9980127217836
[7, 10, 11]
---------------------------------------------

274.6440429356264
[7, 9, 14]
---------------------------------------------

525.5795733667834
[7, 9, 13]
---------------------------------------------

313.64966897554916
[7, 9, 11]
---------------------------------------------

358.60258950021046
[7, 8, 14]
---------------------------------------------

698.1769260578045
[7, 8, 13]
---------------------------------------------

378.22941460141936
[7, 8, 11]
---------------------------------------------

283.46378466037913
[6, 13, 14]
---------------------------------------------

280.49913430126287
[6, 12, 14]
---------------------------------------------

346.6362447443095
[6, 11, 13]
---------------------------------------------

307.33508572538693
[6, 11, 12]
---------------------------------------------

438.62523984568486
[6, 10, 14]
---------------------------------------------

452.57738549103374
[6, 10, 13]
---------------------------------------------

523.1237342417666
[6, 10, 12]
---------------------------------------------

429.9597132240515
[6, 10, 11]
---------------------------------------------

571.1081424961629
[6, 9, 14]
---------------------------------------------

597.46921664918
[6, 9, 13]
---------------------------------------------

682.1356225374047
[6, 9, 12]
---------------------------------------------

549.6287274792508
[6, 9, 11]
---------------------------------------------

734.2042651012054
[6, 8, 14]
---------------------------------------------

775.6872178148436
[6, 8, 13]
---------------------------------------------

873.3900385662406
[6, 8, 12]
---------------------------------------------

701.2729818981965
[6, 8, 11]
---------------------------------------------

274.06794539003346
[6, 7, 14]
---------------------------------------------

313.35103028356224
[6, 7, 11]
---------------------------------------------

494.66879411411867
[6, 7, 10]
---------------------------------------------

649.1531617208694
[6, 7, 9]
---------------------------------------------

836.679665841002
[6, 7, 8]
---------------------------------------------

316.14653632775264
[5, 13, 14]
---------------------------------------------

312.1838041872635
[5, 12, 14]
---------------------------------------------

383.6934995608918
[5, 11, 13]
---------------------------------------------

331.5702355468566
[5, 11, 12]
---------------------------------------------

487.03398865337965
[5, 10, 14]
---------------------------------------------

493.4233029705132
[5, 10, 13]
---------------------------------------------

587.2887441251127
[5, 10, 12]
---------------------------------------------

474.3516101813187
[5, 10, 11]
---------------------------------------------

624.2233378095636
[5, 9, 14]
---------------------------------------------

640.567991556552
[5, 9, 13]
---------------------------------------------

753.9174748771824
[5, 9, 12]
---------------------------------------------

599.3512967253881
[5, 9, 11]
---------------------------------------------

792.444108139737
[5, 8, 14]
---------------------------------------------

820.3703652596639
[5, 8, 13]
---------------------------------------------

951.6234793190783
[5, 8, 12]
---------------------------------------------

756.8375087567489
[5, 8, 11]
---------------------------------------------

301.87860809483243
[5, 7, 14]
---------------------------------------------

333.9059478918688
[5, 7, 11]
---------------------------------------------

556.4404056283739
[5, 7, 10]
---------------------------------------------

718.7640533218805
[5, 7, 9]
---------------------------------------------

912.9975085116007
[5, 7, 8]
---------------------------------------------

254.1555953153445
[4, 12, 13]
---------------------------------------------

256.9034725810929
[4, 10, 12]
---------------------------------------------

340.25562986592115
[4, 9, 12]
---------------------------------------------

452.7987842293401
[4, 8, 12]
---------------------------------------------

263.39037707440895
[4, 7, 13]
---------------------------------------------

249.7101926240907
[4, 7, 10]
---------------------------------------------

328.01598691173456
[4, 7, 9]
---------------------------------------------

438.2111705126632
[4, 7, 8]
---------------------------------------------

297.2122768307843
[4, 6, 13]
---------------------------------------------

352.60438292158307
[4, 6, 12]
---------------------------------------------

518.618955264086
[4, 6, 10]
---------------------------------------------

665.418389640643
[4, 6, 9]
---------------------------------------------

842.8269357609844
[4, 6, 8]
---------------------------------------------

326.77906255843936
[4, 6, 7]
---------------------------------------------

321.9941951001891
[4, 5, 13]
---------------------------------------------

394.8207924524198
[4, 5, 12]
---------------------------------------------

569.6734280584063
[4, 5, 10]
---------------------------------------------

722.1556590606519
[4, 5, 9]
---------------------------------------------

904.5777824706717
[4, 5, 8]
---------------------------------------------

366.6219001984021
[4, 5, 7]
---------------------------------------------

322.08049669809134
[3, 12, 13]
---------------------------------------------

325.46102492796706
[3, 10, 12]
---------------------------------------------

417.29913075667247
[3, 9, 12]
---------------------------------------------

535.690092366704
[3, 8, 12]
---------------------------------------------

327.8719066268206
[3, 7, 13]
---------------------------------------------

311.6856408583998
[3, 7, 10]
---------------------------------------------

399.8477641546321
[3, 7, 9]
---------------------------------------------

515.5345131405387
[3, 7, 8]
---------------------------------------------

354.5739770797114
[3, 6, 13]
---------------------------------------------

430.4076216351728
[3, 6, 12]
---------------------------------------------

587.5901107091541
[3, 6, 10]
---------------------------------------------

740.3229928235088
[3, 6, 9]
---------------------------------------------

922.488102272687
[3, 6, 8]
---------------------------------------------

398.313049471591
[3, 6, 7]
---------------------------------------------

375.66449640291853
[3, 5, 13]
---------------------------------------------

474.9808277966999
[3, 5, 12]
---------------------------------------------

640.046903528524
[3, 5, 10]
---------------------------------------------

798.1394915570471
[3, 5, 9]
---------------------------------------------

985.0532688029018
[3, 5, 8]
---------------------------------------------

440.9791842481796
[3, 5, 7]
---------------------------------------------

343.64794202988753
[2, 13, 14]
---------------------------------------------

525.0875363662237
[2, 12, 13]
---------------------------------------------

438.82659835178714
[2, 11, 13]
---------------------------------------------

434.7592421781899
[2, 10, 14]
---------------------------------------------

581.4384799367685
[2, 10, 13]
---------------------------------------------

529.307081396314
[2, 10, 12]
---------------------------------------------

492.66895217111704
[2, 10, 11]
---------------------------------------------

531.5697745189913
[2, 9, 14]
---------------------------------------------

763.5572488366033
[2, 9, 13]
---------------------------------------------

636.5762520850344
[2, 9, 12]
---------------------------------------------

580.5064826883266
[2, 9, 11]
---------------------------------------------

652.2414283769958
[2, 8, 14]
---------------------------------------------

979.4508821545048
[2, 8, 13]
---------------------------------------------

770.915113265581
[2, 8, 12]
---------------------------------------------

696.3783394436601
[2, 8, 11]
---------------------------------------------

586.3387717083011
[2, 7, 13]
---------------------------------------------

565.6576593421916
[2, 7, 10]
---------------------------------------------

673.1840354268842
[2, 7, 9]
---------------------------------------------

807.6015229548151
[2, 7, 8]
---------------------------------------------

685.7979202594541
[2, 6, 14]
---------------------------------------------

727.3387966889534
[2, 6, 13]
---------------------------------------------

652.4156589661867
[2, 6, 12]
---------------------------------------------

762.1043303703311
[2, 6, 11]
---------------------------------------------

673.3684928953858
[2, 6, 7]
---------------------------------------------

742.3830099405196
[2, 5, 14]
---------------------------------------------

806.242521016935
[2, 5, 13]
---------------------------------------------

703.2584153882682
[2, 5, 12]
---------------------------------------------

818.811695592775
[2, 5, 11]
---------------------------------------------

723.1726776208856
[2, 5, 7]
---------------------------------------------

305.4959905254716
[2, 4, 13]
---------------------------------------------

411.59643918370335
[2, 4, 10]
---------------------------------------------

515.1285009581725
[2, 4, 9]
---------------------------------------------

643.5756855930867
[2, 4, 8]
---------------------------------------------

619.2261619705695
[2, 4, 6]
---------------------------------------------

674.5446419885157
[2, 4, 5]
---------------------------------------------

348.77605267247816
[2, 3, 13]
---------------------------------------------

429.8175125075292
[2, 3, 10]
---------------------------------------------

535.7082076020124
[2, 3, 9]
---------------------------------------------

667.8561091496489
[2, 3, 8]
---------------------------------------------

612.2117967786756
[2, 3, 6]
---------------------------------------------

666.3805614235121
[2, 3, 5]
---------------------------------------------

428.2205557304485
[1, 13, 14]
---------------------------------------------

658.1470610098472
[1, 12, 13]
---------------------------------------------

535.1361583206691
[1, 11, 13]
---------------------------------------------

533.9273869783638
[1, 10, 14]
---------------------------------------------

686.9838700870537
[1, 10, 13]
---------------------------------------------

662.3296092665506
[1, 10, 12]
---------------------------------------------

595.2061836536827
[1, 10, 11]
---------------------------------------------

634.122639645956
[1, 9, 14]
---------------------------------------------

878.354521279379
[1, 9, 13]
---------------------------------------------

777.4977241556055
[1, 9, 12]
---------------------------------------------

689.3363564994852
[1, 9, 11]
---------------------------------------------

760.574659475986
[1, 8, 14]
---------------------------------------------

1102.0569910131874
[1, 8, 13]
---------------------------------------------

919.0421306421415
[1, 8, 12]
---------------------------------------------

809.7520895925911
[1, 8, 11]
---------------------------------------------

726.2076359856902
[1, 7, 13]
---------------------------------------------

703.0784181056987
[1, 7, 10]
---------------------------------------------

818.2071648956651
[1, 7, 9]
---------------------------------------------

959.5590545749715
[1, 7, 8]
---------------------------------------------

825.8083580563527
[1, 6, 14]
---------------------------------------------

879.4097156257435
[1, 6, 13]
---------------------------------------------

794.7806926147357
[1, 6, 12]
---------------------------------------------

907.1273186937908
[1, 6, 11]
---------------------------------------------

819.2495470587144
[1, 6, 7]
---------------------------------------------

886.2491705090807
[1, 5, 14]
---------------------------------------------

963.7650841506315
[1, 5, 13]
---------------------------------------------

848.5270735578622
[1, 5, 12]
---------------------------------------------

967.5230824919934
[1, 5, 11]
---------------------------------------------

871.9161268506866
[1, 5, 7]
---------------------------------------------

364.98963827903935
[1, 4, 13]
---------------------------------------------

501.0965740344311
[1, 4, 10]
---------------------------------------------

607.9502049962483
[1, 4, 9]
---------------------------------------------

741.8072867762879
[1, 4, 8]
---------------------------------------------

748.3674701833564
[1, 4, 6]
---------------------------------------------

807.8696158820916
[1, 4, 5]
---------------------------------------------

392.99625176872337
[1, 3, 13]
---------------------------------------------

512.8442340952771
[1, 3, 10]
---------------------------------------------

623.3819726536263
[1, 3, 9]
---------------------------------------------

760.0253957006934
[1, 3, 8]
---------------------------------------------

734.4113508716658
[1, 3, 6]
---------------------------------------------

792.9552724054058
[1, 3, 5]
---------------------------------------------

Minimum losses for current step: 217.81632944915427