263.34318640507877
[12, 13, 14]
---------------------------------------------

284.27376994434104
[11, 12, 13]
---------------------------------------------

277.53475311632025
[10, 12, 14]
---------------------------------------------

307.94474781704236
[10, 12, 13]
---------------------------------------------

291.32825422815114
[10, 11, 12]
---------------------------------------------

287.06076941715264
[9, 12, 14]
---------------------------------------------

333.87260768329713
[9, 12, 13]
---------------------------------------------

299.99894155827354
[9, 11, 12]
---------------------------------------------

298.2515106404522
[8, 12, 14]
---------------------------------------------

361.1255162115536
[8, 12, 13]
---------------------------------------------

310.32093550817734
[8, 11, 12]
---------------------------------------------

302.7632687836134
[7, 13, 14]
---------------------------------------------

326.19674719940286
[7, 11, 13]
---------------------------------------------

312.85659465125974
[7, 10, 14]
---------------------------------------------

351.41239972290794
[7, 10, 13]
---------------------------------------------

331.213906586872
[7, 10, 11]
---------------------------------------------

320.3001924483507
[7, 9, 14]
---------------------------------------------

378.3479051479219
[7, 9, 13]
---------------------------------------------

337.82367029546305
[7, 9, 11]
---------------------------------------------

329.3786192124327
[7, 8, 14]
---------------------------------------------

406.92224575633884
[7, 8, 13]
---------------------------------------------

346.05536882636665
[7, 8, 11]
---------------------------------------------

450.9073879602467
[6, 13, 14]
---------------------------------------------

301.8801069789498
[6, 12, 14]
---------------------------------------------

476.6212772771768
[6, 11, 13]
---------------------------------------------

313.64357842652294
[6, 11, 12]
---------------------------------------------

503.5701031481779
[6, 10, 14]
---------------------------------------------

503.95812533952443
[6, 10, 13]
---------------------------------------------

614.4905796800709
[6, 10, 12]
---------------------------------------------

503.034416708313
[6, 10, 11]
---------------------------------------------

532.1080216966801
[6, 9, 14]
---------------------------------------------

532.8265590716871
[6, 9, 13]
---------------------------------------------

651.6061641851934
[6, 9, 12]
---------------------------------------------

530.7800024818149
[6, 9, 11]
---------------------------------------------

562.2517790877229
[6, 8, 14]
---------------------------------------------

563.6407543771114
[6, 8, 13]
---------------------------------------------

690.3761635772437
[6, 8, 12]
---------------------------------------------

560.2833111694405
[6, 8, 11]
---------------------------------------------

320.49067029791144
[6, 7, 14]
---------------------------------------------

337.9778197657543
[6, 7, 11]
---------------------------------------------

556.9033335491253
[6, 7, 10]
---------------------------------------------

591.9178366114994
[6, 7, 9]
---------------------------------------------

628.682871864752
[6, 7, 8]
---------------------------------------------

550.7435128294678
[5, 13, 14]
---------------------------------------------

360.44119483809345
[5, 12, 14]
---------------------------------------------

576.946196612778
[5, 11, 13]
---------------------------------------------

368.80177981528266
[5, 11, 12]
---------------------------------------------

608.1450741236874
[5, 10, 14]
---------------------------------------------

605.2074474132633
[5, 10, 13]
---------------------------------------------

762.8259787676998
[5, 10, 12]
---------------------------------------------

605.9096104518954
[5, 10, 11]
---------------------------------------------

639.4781522198116
[5, 9, 14]
---------------------------------------------

635.4571540404861
[5, 9, 13]
---------------------------------------------

803.2910662391682
[5, 9, 12]
---------------------------------------------

636.6247375550602
[5, 9, 11]
---------------------------------------------

672.4747729293304
[5, 8, 14]
---------------------------------------------

667.6144380346491
[5, 8, 13]
---------------------------------------------

845.3422130013038
[5, 8, 12]
---------------------------------------------

669.0228705130106
[5, 8, 11]
---------------------------------------------

362.62011031347566
[5, 7, 14]
---------------------------------------------

376.88649594714644
[5, 7, 11]
---------------------------------------------

695.6930209378721
[5, 7, 10]
---------------------------------------------

734.0167735681179
[5, 7, 9]
---------------------------------------------

773.8383614451772
[5, 7, 8]
---------------------------------------------

194.31038755112698
[4, 12, 13]
---------------------------------------------

277.9751325869142
[4, 10, 12]
---------------------------------------------

295.8801156803656
[4, 9, 12]
---------------------------------------------

315.5863274496339
[4, 8, 12]
---------------------------------------------

212.79362238792427
[4, 7, 13]
---------------------------------------------

272.33399112663136
[4, 7, 10]
---------------------------------------------

287.93695454409146
[4, 7, 9]
---------------------------------------------

305.30588648955563
[4, 7, 8]
---------------------------------------------

320.26259509595326
[4, 6, 13]
---------------------------------------------

322.5588471687289
[4, 6, 12]
---------------------------------------------

579.3182975265273
[4, 6, 10]
---------------------------------------------

613.014305644282
[4, 6, 9]
---------------------------------------------

648.2971104746642
[4, 6, 8]
---------------------------------------------

288.6725990370875
[4, 6, 7]
---------------------------------------------

409.68606485791224
[4, 5, 13]
---------------------------------------------

412.0117707921364
[4, 5, 12]
---------------------------------------------

696.2318003838124
[4, 5, 10]
---------------------------------------------

732.5399477353194
[4, 5, 9]
---------------------------------------------

770.3639260784487
[4, 5, 8]
---------------------------------------------

362.37808265510364
[4, 5, 7]
---------------------------------------------

241.4249806646151
[3, 12, 13]
---------------------------------------------

359.6406764051413
[3, 10, 12]
---------------------------------------------

380.34133504710906
[3, 9, 12]
---------------------------------------------

402.7887195979974
[3, 8, 12]
---------------------------------------------

250.34834577911818
[3, 7, 13]
---------------------------------------------

336.13926099677343
[3, 7, 10]
---------------------------------------------

355.20744448992554
[3, 7, 9]
---------------------------------------------

376.0349976293101
[3, 7, 8]
---------------------------------------------

337.1991128279794
[3, 6, 13]
---------------------------------------------

410.642317889475
[3, 6, 12]
---------------------------------------------

664.3657739914244
[3, 6, 10]
---------------------------------------------

699.7705062565473
[3, 6, 9]
---------------------------------------------

736.6860227409994
[3, 6, 8]
---------------------------------------------

356.3214405614322
[3, 6, 7]
---------------------------------------------

416.91174609131383
[3, 5, 13]
---------------------------------------------

504.58201412437944
[3, 5, 12]
---------------------------------------------

784.4867061251194
[3, 5, 10]
---------------------------------------------

822.328382862862
[3, 5, 9]
---------------------------------------------

861.6147365580129
[3, 5, 8]
---------------------------------------------

440.87526842108105
[3, 5, 7]
---------------------------------------------

527.0967946824082
[2, 13, 14]
---------------------------------------------

472.09587645860864
[2, 12, 13]
---------------------------------------------

560.8653251862612
[2, 11, 13]
---------------------------------------------

564.9074756388933
[2, 10, 14]
---------------------------------------------

596.856649298095
[2, 10, 13]
---------------------------------------------

634.7821909902946
[2, 10, 12]
---------------------------------------------

580.1108574540426
[2, 10, 11]
---------------------------------------------

586.3214029638067
[2, 9, 14]
---------------------------------------------

634.9569748631457
[2, 9, 13]
---------------------------------------------

660.668793912999
[2, 9, 12]
---------------------------------------------

601.0754055487297
[2, 9, 11]
---------------------------------------------

609.5047730207955
[2, 8, 14]
---------------------------------------------

675.0381361752194
[2, 8, 13]
---------------------------------------------

687.9153946124615
[2, 8, 12]
---------------------------------------------

623.7743617005262
[2, 8, 11]
---------------------------------------------

587.6185153492162
[2, 7, 13]
---------------------------------------------

717.4990192231345
[2, 7, 10]
---------------------------------------------

743.3715005173025
[2, 7, 9]
---------------------------------------------

770.5867672828497
[2, 7, 8]
---------------------------------------------

787.3039304754819
[2, 6, 14]
---------------------------------------------

893.8692392430025
[2, 6, 13]
---------------------------------------------

692.5232088544519
[2, 6, 12]
---------------------------------------------

807.1107933977972
[2, 6, 11]
---------------------------------------------

743.459130974544
[2, 6, 7]
---------------------------------------------

909.6838049587533
[2, 5, 14]
---------------------------------------------

1078.425282407078
[2, 5, 13]
---------------------------------------------

802.2776261156299
[2, 5, 12]
---------------------------------------------

929.4283503432767
[2, 5, 11]
---------------------------------------------

848.6025479208967
[2, 5, 7]
---------------------------------------------

327.13481438683607
[2, 4, 13]
---------------------------------------------

499.03810507531045
[2, 4, 10]
---------------------------------------------

522.8652593065792
[2, 4, 9]
---------------------------------------------

548.013452786164
[2, 4, 8]
---------------------------------------------

664.4289541331485
[2, 4, 6]
---------------------------------------------

785.0600234951709
[2, 4, 5]
---------------------------------------------

315.8118933973565
[2, 3, 13]
---------------------------------------------

513.0636001317969
[2, 3, 10]
---------------------------------------------

538.2435152421642
[2, 3, 9]
---------------------------------------------

564.4907779759842
[2, 3, 8]
---------------------------------------------

644.7779790847391
[2, 3, 6]
---------------------------------------------

762.8894318511909
[2, 3, 5]
---------------------------------------------

667.5236979565625
[1, 13, 14]
---------------------------------------------

638.9120211170659
[1, 12, 13]
---------------------------------------------

704.387802294054
[1, 11, 13]
---------------------------------------------

709.5408439174782
[1, 10, 14]
---------------------------------------------

743.382793546741
[1, 10, 13]
---------------------------------------------

823.0178374063391
[1, 10, 12]
---------------------------------------------

725.708942777821
[1, 10, 11]
---------------------------------------------

732.8199538038996
[1, 9, 14]
---------------------------------------------

784.3852158708954
[1, 9, 13]
---------------------------------------------

851.0684638172713
[1, 9, 12]
---------------------------------------------

748.7510432070509
[1, 9, 11]
---------------------------------------------

757.1470282250676
[1, 8, 14]
---------------------------------------------

827.2928220150951
[1, 8, 13]
---------------------------------------------

880.4345980750862
[1, 8, 12]
---------------------------------------------

772.7971707471947
[1, 8, 11]
---------------------------------------------

771.5293487324208
[1, 7, 13]
---------------------------------------------

915.3812035173215
[1, 7, 10]
---------------------------------------------

943.2567061234303
[1, 7, 9]
---------------------------------------------

972.433150063453
[1, 7, 8]
---------------------------------------------

978.9291802700551
[1, 6, 14]
---------------------------------------------

1105.226860362879
[1, 6, 13]
---------------------------------------------

883.1576406198931
[1, 6, 12]
---------------------------------------------

999.9278227194236
[1, 6, 11]
---------------------------------------------

942.358510957744
[1, 6, 7]
---------------------------------------------

1110.3387777809446
[1, 5, 14]
---------------------------------------------

1300.605506014514
[1, 5, 13]
---------------------------------------------

999.8978894149224
[1, 5, 12]
---------------------------------------------

1131.190572869103
[1, 5, 11]
---------------------------------------------

1054.2912197991425
[1, 5, 7]
---------------------------------------------

440.63866387994335
[1, 4, 13]
---------------------------------------------

627.7621466347994
[1, 4, 10]
---------------------------------------------

653.2965541076101
[1, 4, 9]
---------------------------------------------

680.2033397505134
[1, 4, 8]
---------------------------------------------

841.238825231612
[1, 4, 6]
---------------------------------------------

971.8383840837881
[1, 4, 5]
---------------------------------------------

407.01137422177874
[1, 3, 13]
---------------------------------------------

632.9929082573933
[1, 3, 10]
---------------------------------------------

659.471013657516
[1, 3, 9]
---------------------------------------------

687.3000006854494
[1, 3, 8]
---------------------------------------------

811.3218358749007
[1, 3, 6]
---------------------------------------------

939.9946827469656
[1, 3, 5]
---------------------------------------------

Minimum losses for current step: 194.31038755112698