89.97264280795156
[12, 13, 14]
---------------------------------------------

101.69867493698494
[11, 12, 13]
---------------------------------------------

94.2662670191499
[10, 12, 14]
---------------------------------------------

115.96841110826642
[10, 12, 13]
---------------------------------------------

103.8330557699271
[10, 11, 12]
---------------------------------------------

98.7560913541517
[9, 12, 14]
---------------------------------------------

132.89749038534725
[9, 12, 13]
---------------------------------------------

107.52215686153255
[9, 11, 12]
---------------------------------------------

104.83371762896479
[8, 12, 14]
---------------------------------------------

152.5163634728366
[8, 12, 13]
---------------------------------------------

112.78701943739897
[8, 11, 12]
---------------------------------------------

100.30094569235818
[7, 13, 14]
---------------------------------------------

112.87118340720308
[7, 11, 13]
---------------------------------------------

103.11653653744557
[7, 10, 14]
---------------------------------------------

128.0383946933911
[7, 10, 13]
---------------------------------------------

114.27064683609905
[7, 10, 11]
---------------------------------------------

106.8558209031267
[7, 9, 14]
---------------------------------------------

145.8175378567021
[7, 9, 13]
---------------------------------------------

117.21663492077003
[7, 9, 11]
---------------------------------------------

112.1725455008547
[7, 8, 14]
---------------------------------------------

166.33661747850806
[7, 8, 13]
---------------------------------------------

121.72817885919393
[7, 8, 11]
---------------------------------------------

130.79677996038885
[6, 13, 14]
---------------------------------------------

101.45998585856161
[6, 12, 14]
---------------------------------------------

145.14967220104333
[6, 11, 13]
---------------------------------------------

109.83449016829033
[6, 11, 12]
---------------------------------------------

158.69732632329962
[6, 10, 14]
---------------------------------------------

162.06210182593307
[6, 10, 13]
---------------------------------------------

196.94514684880266
[6, 10, 12]
---------------------------------------------

159.33812004168993
[6, 10, 11]
---------------------------------------------

176.08619709723627
[6, 9, 14]
---------------------------------------------

181.6483828440502
[6, 9, 13]
---------------------------------------------

222.0069760244364
[6, 9, 12]
---------------------------------------------

175.82891001786416
[6, 9, 11]
---------------------------------------------

195.88419786376738
[6, 8, 14]
---------------------------------------------

204.01797071930514
[6, 8, 13]
---------------------------------------------

248.5507843152945
[6, 8, 12]
---------------------------------------------

194.70392093584366
[6, 8, 11]
---------------------------------------------

106.86454371518322
[6, 7, 14]
---------------------------------------------

117.2225685487544
[6, 7, 11]
---------------------------------------------

181.03159229057667
[6, 7, 10]
---------------------------------------------

204.2966207266018
[6, 7, 9]
---------------------------------------------

230.40418613558666
[6, 7, 8]
---------------------------------------------

151.121067599687
[5, 13, 14]
---------------------------------------------

111.59146732869132
[5, 12, 14]
---------------------------------------------

166.33461599878035
[5, 11, 13]
---------------------------------------------

118.80423806368225
[5, 11, 12]
---------------------------------------------

182.45097987341313
[5, 10, 14]
---------------------------------------------

184.1584953863857
[5, 10, 13]
---------------------------------------------

234.20961500397104
[5, 10, 12]
---------------------------------------------

182.24990723970953
[5, 10, 11]
---------------------------------------------

201.62337563731884
[5, 9, 14]
---------------------------------------------

204.67542311600926
[5, 9, 13]
---------------------------------------------

260.3564572699099
[5, 9, 12]
---------------------------------------------

200.50300571020512
[5, 9, 11]
---------------------------------------------

223.2471746463875
[5, 8, 14]
---------------------------------------------

227.99811520017755
[5, 8, 13]
---------------------------------------------

288.0980615606056
[5, 8, 12]
---------------------------------------------

221.18176047676744
[5, 8, 11]
---------------------------------------------

114.82330882884058
[5, 7, 14]
---------------------------------------------

124.0420197172389
[5, 7, 11]
---------------------------------------------

215.86371721351998
[5, 7, 10]
---------------------------------------------

241.4122068493457
[5, 7, 9]
---------------------------------------------

268.4958645279217
[5, 7, 8]
---------------------------------------------

70.5293381533253
[4, 12, 13]
---------------------------------------------

87.5552106412307
[4, 10, 12]
---------------------------------------------

96.77877173372899
[4, 9, 12]
---------------------------------------------

107.66228093981057
[4, 8, 12]
---------------------------------------------

76.32845576885752
[4, 7, 13]
---------------------------------------------

87.50195656672638
[4, 7, 10]
---------------------------------------------

95.9303209331353
[4, 7, 9]
---------------------------------------------

106.00739037643076
[4, 7, 8]
---------------------------------------------

97.52816513987855
[4, 6, 13]
---------------------------------------------

101.82674251012237
[4, 6, 12]
---------------------------------------------

194.4908821109388
[4, 6, 10]
---------------------------------------------

217.44055937292572
[4, 6, 9]
---------------------------------------------

242.10172680585796
[4, 6, 8]
---------------------------------------------

95.96588145486861
[4, 6, 7]
---------------------------------------------

113.02125128573847
[4, 5, 13]
---------------------------------------------

118.82874760477308
[4, 5, 12]
---------------------------------------------

223.50093289402284
[4, 5, 10]
---------------------------------------------

247.38610873013297
[4, 5, 9]
---------------------------------------------

273.02287311550396
[4, 5, 8]
---------------------------------------------

110.66092599737209
[4, 5, 7]
---------------------------------------------

90.58591492878418
[3, 12, 13]
---------------------------------------------

114.4655981214514
[3, 10, 12]
---------------------------------------------

126.24310777638185
[3, 9, 12]
---------------------------------------------

139.72297944344464
[3, 8, 12]
---------------------------------------------

94.23461105419247
[3, 7, 13]
---------------------------------------------

109.89079619503943
[3, 7, 10]
---------------------------------------------

120.87331991494136
[3, 7, 9]
---------------------------------------------

133.5197373882361
[3, 7, 8]
---------------------------------------------

111.02146151723122
[3, 6, 13]
---------------------------------------------

132.57949203787314
[3, 6, 12]
---------------------------------------------

235.64813148713873
[3, 6, 10]
---------------------------------------------

259.5341535241847
[3, 6, 9]
---------------------------------------------

285.0277569170905
[3, 6, 8]
---------------------------------------------

120.93100823428986
[3, 6, 7]
---------------------------------------------

124.24605619940917
[3, 5, 13]
---------------------------------------------

153.29967575950937
[3, 5, 12]
---------------------------------------------

265.24826081010565
[3, 5, 10]
---------------------------------------------

290.27402436724515
[3, 5, 9]
---------------------------------------------

317.10159855677205
[3, 5, 8]
---------------------------------------------

139.2636323788354
[3, 5, 7]
---------------------------------------------

169.29610691030322
[2, 13, 14]
---------------------------------------------

194.5404154034516
[2, 12, 13]
---------------------------------------------

192.09463638370636
[2, 11, 13]
---------------------------------------------

190.00374674274286
[2, 10, 14]
---------------------------------------------

217.65542446697486
[2, 10, 13]
---------------------------------------------

231.26925972143232
[2, 10, 12]
---------------------------------------------

203.0553009890556
[2, 10, 11]
---------------------------------------------

202.83507941130895
[2, 9, 14]
---------------------------------------------

244.88198073407614
[2, 9, 13]
---------------------------------------------

247.5340967148604
[2, 9, 12]
---------------------------------------------

215.61146479009957
[2, 9, 11]
---------------------------------------------

217.37445198755506
[2, 8, 14]
---------------------------------------------

274.3867357578173
[2, 8, 13]
---------------------------------------------

265.51681381200876
[2, 8, 12]
---------------------------------------------

229.62906300408827
[2, 8, 11]
---------------------------------------------

230.01699477392796
[2, 7, 13]
---------------------------------------------

255.71782677326928
[2, 7, 10]
---------------------------------------------

272.16017794257823
[2, 7, 9]
---------------------------------------------

290.08758927958854
[2, 7, 8]
---------------------------------------------

293.0568724235539
[2, 6, 14]
---------------------------------------------

313.68808036683265
[2, 6, 13]
---------------------------------------------

256.1607808424924
[2, 6, 12]
---------------------------------------------

308.5975745319388
[2, 6, 11]
---------------------------------------------

272.2876519949983
[2, 6, 7]
---------------------------------------------

324.0955762265464
[2, 5, 14]
---------------------------------------------

361.8645893355912
[2, 5, 13]
---------------------------------------------

283.02827488041623
[2, 5, 12]
---------------------------------------------

339.7284136786819
[2, 5, 11]
---------------------------------------------

298.0716170720547
[2, 5, 7]
---------------------------------------------

102.62848926948266
[2, 4, 13]
---------------------------------------------

156.88017593541798
[2, 4, 10]
---------------------------------------------

171.17213248423656
[2, 4, 9]
---------------------------------------------

187.20043628345564
[2, 4, 8]
---------------------------------------------

234.57896155036354
[2, 4, 6]
---------------------------------------------

265.7770252945589
[2, 4, 5]
---------------------------------------------

107.37116600974366
[2, 3, 13]
---------------------------------------------

165.3346309346206
[2, 3, 10]
---------------------------------------------

180.53060976661143
[2, 3, 9]
---------------------------------------------

197.48018985652223
[2, 3, 8]
---------------------------------------------

225.54370359896566
[2, 3, 6]
---------------------------------------------

256.51286244218056
[2, 3, 5]
---------------------------------------------

226.6622877703311
[1, 13, 14]
---------------------------------------------

272.14730792691637
[1, 12, 13]
---------------------------------------------

251.76844778108241
[1, 11, 13]
---------------------------------------------

250.34399330555772
[1, 10, 14]
---------------------------------------------

279.0641423781005
[1, 10, 13]
---------------------------------------------

313.2500298277636
[1, 10, 12]
---------------------------------------------

263.9837869714168
[1, 10, 11]
---------------------------------------------

264.5575963275656
[1, 9, 14]
---------------------------------------------

308.607171626837
[1, 9, 13]
---------------------------------------------

331.29964883209516
[1, 9, 12]
---------------------------------------------

277.7067312192268
[1, 9, 11]
---------------------------------------------

280.4392729910212
[1, 8, 14]
---------------------------------------------

340.28945149235534
[1, 8, 13]
---------------------------------------------

351.06202713987244
[1, 8, 12]
---------------------------------------------

293.0615187789071
[1, 8, 11]
---------------------------------------------

312.2861318703867
[1, 7, 13]
---------------------------------------------

341.0884424260781
[1, 7, 10]
---------------------------------------------

359.3373941604648
[1, 7, 9]
---------------------------------------------

379.05029417222505
[1, 7, 8]
---------------------------------------------

376.3518654545683
[1, 6, 14]
---------------------------------------------

405.7595971796329
[1, 6, 13]
---------------------------------------------

340.8555772652855
[1, 6, 12]
---------------------------------------------

393.0736282333543
[1, 6, 11]
---------------------------------------------

359.498094155947
[1, 6, 7]
---------------------------------------------

410.6784500341104
[1, 5, 14]
---------------------------------------------

458.1094941625148
[1, 5, 13]
---------------------------------------------

370.23127707986276
[1, 5, 12]
---------------------------------------------

427.35497983679636
[1, 5, 11]
---------------------------------------------

387.73035828583795
[1, 5, 7]
---------------------------------------------

139.6268775192768
[1, 4, 13]
---------------------------------------------

207.28481575136684
[1, 4, 10]
---------------------------------------------

223.40095795624703
[1, 4, 9]
---------------------------------------------

241.28104436300958
[1, 4, 8]
---------------------------------------------

311.34162469083924
[1, 4, 6]
---------------------------------------------

345.6584357378403
[1, 4, 5]
---------------------------------------------

135.0566141937331
[1, 3, 13]
---------------------------------------------

211.07179278072064
[1, 3, 10]
---------------------------------------------

228.08009938994178
[1, 3, 9]
---------------------------------------------

246.86961959688605
[1, 3, 8]
---------------------------------------------

299.4687056765515
[1, 3, 6]
---------------------------------------------

333.21653957245735
[1, 3, 5]
---------------------------------------------

Minimum losses for current step: 70.5293381533253