214.10199591187495
[12, 13, 14]
---------------------------------------------

232.77287100354744
[11, 12, 13]
---------------------------------------------

226.13699164961514
[10, 12, 14]
---------------------------------------------

254.1357874160921
[10, 12, 13]
---------------------------------------------

238.7554503559267
[10, 11, 12]
---------------------------------------------

234.56535271236487
[9, 12, 14]
---------------------------------------------

278.2861293326772
[9, 12, 13]
---------------------------------------------

246.3405851665583
[9, 11, 12]
---------------------------------------------

244.6414161836766
[8, 12, 14]
---------------------------------------------

304.90407883102745
[8, 12, 13]
---------------------------------------------

255.56029738091195
[8, 11, 12]
---------------------------------------------

245.43671670308024
[7, 13, 14]
---------------------------------------------

266.2190714132576
[7, 11, 13]
---------------------------------------------

253.95567773303173
[7, 10, 14]
---------------------------------------------

289.7332001183208
[7, 10, 13]
---------------------------------------------

270.45368153365746
[7, 10, 11]
---------------------------------------------

260.59768493235015
[7, 9, 14]
---------------------------------------------

315.738227566911
[7, 9, 13]
---------------------------------------------

276.27075217755663
[7, 9, 11]
---------------------------------------------

268.8619282809503
[7, 8, 14]
---------------------------------------------

342.9550336324075
[7, 8, 13]
---------------------------------------------

283.6973787330864
[7, 8, 11]
---------------------------------------------

362.5555596070993
[6, 13, 14]
---------------------------------------------

245.9319019446658
[6, 12, 14]
---------------------------------------------

387.1065019880522
[6, 11, 13]
---------------------------------------------

256.7154748479579
[6, 11, 12]
---------------------------------------------

412.6782285266305
[6, 10, 14]
---------------------------------------------

413.13414593441075
[6, 10, 13]
---------------------------------------------

506.2627833838299
[6, 10, 12]
---------------------------------------------

412.28955624333315
[6, 10, 11]
---------------------------------------------

439.9380705199276
[6, 9, 14]
---------------------------------------------

440.96599399073364
[6, 9, 13]
---------------------------------------------

540.6415190901894
[6, 9, 12]
---------------------------------------------

438.6590708244762
[6, 9, 11]
---------------------------------------------

468.84385128851295
[6, 8, 14]
---------------------------------------------

470.62075682900064
[6, 8, 13]
---------------------------------------------

576.7344148065623
[6, 8, 12]
---------------------------------------------

466.89357263272217
[6, 8, 11]
---------------------------------------------

260.72490654394363
[6, 7, 14]
---------------------------------------------

276.3714703457565
[6, 7, 11]
---------------------------------------------

458.4384050041771
[6, 7, 10]
---------------------------------------------

491.0896725592658
[6, 7, 9]
---------------------------------------------

525.2754116665828
[6, 7, 8]
---------------------------------------------

445.12209448575607
[5, 13, 14]
---------------------------------------------

290.6100606321023
[5, 12, 14]
---------------------------------------------

469.91932087553903
[5, 11, 13]
---------------------------------------------

298.5094004511208
[5, 11, 12]
---------------------------------------------

498.51272957458536
[5, 10, 14]
---------------------------------------------

496.5503557566875
[5, 10, 13]
---------------------------------------------

625.644157850581
[5, 10, 12]
---------------------------------------------

496.73407771869626
[5, 10, 11]
---------------------------------------------

527.6007679677449
[5, 9, 14]
---------------------------------------------

524.8425556960769
[5, 9, 13]
---------------------------------------------

663.182815922748
[5, 9, 12]
---------------------------------------------

525.1805214781249
[5, 9, 11]
---------------------------------------------

558.3663789797018
[5, 8, 14]
---------------------------------------------

554.9171343126025
[5, 8, 13]
---------------------------------------------

702.3526422232035
[5, 8, 12]
---------------------------------------------

555.1781382638517
[5, 8, 11]
---------------------------------------------

293.2676939865577
[5, 7, 14]
---------------------------------------------

306.16276333911827
[5, 7, 11]
---------------------------------------------

570.1340768157394
[5, 7, 10]
---------------------------------------------

605.9269765923614
[5, 7, 9]
---------------------------------------------

643.431787741718
[5, 7, 8]
---------------------------------------------

159.6423781729071
[4, 12, 13]
---------------------------------------------

225.0100670200208
[4, 10, 12]
---------------------------------------------

240.90983842460733
[4, 9, 12]
---------------------------------------------

258.57775415285045
[4, 8, 12]
---------------------------------------------

174.7713115372066
[4, 7, 13]
---------------------------------------------

221.069381444433
[4, 7, 10]
---------------------------------------------

235.01432195532595
[4, 7, 9]
---------------------------------------------

250.69783931858544
[4, 7, 8]
---------------------------------------------

257.3951044352658
[4, 6, 13]
---------------------------------------------

261.3026042920324
[4, 6, 12]
---------------------------------------------

479.2461073721817
[4, 6, 10]
---------------------------------------------

510.4465858871143
[4, 6, 9]
---------------------------------------------

543.2745046194095
[4, 6, 8]
---------------------------------------------

235.50344890533614
[4, 6, 7]
---------------------------------------------

326.0719070910597
[4, 5, 13]
---------------------------------------------

331.596948247459
[4, 5, 12]
---------------------------------------------

572.9820900719362
[4, 5, 10]
---------------------------------------------

606.5935276464593
[4, 5, 9]
---------------------------------------------

641.7916824190013
[4, 5, 8]
---------------------------------------------

292.44183864940504
[4, 5, 7]
---------------------------------------------

199.22395405611772
[3, 12, 13]
---------------------------------------------

293.6626526445389
[3, 10, 12]
---------------------------------------------

312.8457182244069
[3, 9, 12]
---------------------------------------------

333.6960338644901
[3, 8, 12]
---------------------------------------------

206.88367661591684
[3, 7, 13]
---------------------------------------------

274.16038011346035
[3, 7, 10]
---------------------------------------------

292.179471412685
[3, 7, 9]
---------------------------------------------

311.52776079026484
[3, 7, 8]
---------------------------------------------

273.57562623442993
[3, 6, 13]
---------------------------------------------

337.21274907691185
[3, 6, 12]
---------------------------------------------

553.0954017879021
[3, 6, 10]
---------------------------------------------

586.0336716960389
[3, 6, 9]
---------------------------------------------

620.5686015245117
[3, 6, 8]
---------------------------------------------

292.94456698793255
[3, 6, 7]
---------------------------------------------

333.7367902591217
[3, 5, 13]
---------------------------------------------

414.3182978713638
[3, 5, 12]
---------------------------------------------

649.8880005148274
[3, 5, 10]
---------------------------------------------

685.0949414754718
[3, 5, 9]
---------------------------------------------

721.8187247290084
[3, 5, 8]
---------------------------------------------

360.8707009714666
[3, 5, 7]
---------------------------------------------

432.12190621634153
[2, 13, 14]
---------------------------------------------

398.7875417546342
[2, 12, 13]
---------------------------------------------

463.92070614693455
[2, 11, 13]
---------------------------------------------

466.79436979548234
[2, 10, 14]
---------------------------------------------

497.6336499945601
[2, 10, 13]
---------------------------------------------

528.914577746419
[2, 10, 12]
---------------------------------------------

481.43840856662683
[2, 10, 11]
---------------------------------------------

486.1556445031482
[2, 9, 14]
---------------------------------------------

533.2542103150581
[2, 9, 13]
---------------------------------------------

552.80059911567
[2, 9, 12]
---------------------------------------------

500.35211119893347
[2, 9, 11]
---------------------------------------------

507.25970365630417
[2, 8, 14]
---------------------------------------------

570.9581748263258
[2, 8, 13]
---------------------------------------------

578.0805732795711
[2, 8, 12]
---------------------------------------------

520.9990827160622
[2, 8, 11]
---------------------------------------------

494.4456050556128
[2, 7, 13]
---------------------------------------------

597.6229288700833
[2, 7, 10]
---------------------------------------------

621.6002054830991
[2, 7, 9]
---------------------------------------------

646.9401059791354
[2, 7, 8]
---------------------------------------------

660.0033367324473
[2, 6, 14]
---------------------------------------------

745.8843715831347
[2, 6, 13]
---------------------------------------------

579.9926082631088
[2, 6, 12]
---------------------------------------------

678.8937251681435
[2, 6, 11]
---------------------------------------------

622.3080773947687
[2, 6, 7]
---------------------------------------------

759.2710327017672
[2, 5, 14]
---------------------------------------------

897.119204400033
[2, 5, 13]
---------------------------------------------

668.412734820254
[2, 5, 12]
---------------------------------------------

778.1668687905155
[2, 5, 11]
---------------------------------------------

707.2100890008627
[2, 5, 7]
---------------------------------------------

263.8806990924744
[2, 4, 13]
---------------------------------------------

408.8821661041052
[2, 4, 10]
---------------------------------------------

431.3524003126212
[2, 4, 9]
---------------------------------------------

455.5664442511575
[2, 4, 8]
---------------------------------------------

554.14153599263
[2, 4, 6]
---------------------------------------------

651.57613457905
[2, 4, 5]
---------------------------------------------

257.3986412034937
[2, 3, 13]
---------------------------------------------

420.3634677659588
[2, 3, 10]
---------------------------------------------

444.03135346582496
[2, 3, 9]
---------------------------------------------

469.24073116395516
[2, 3, 8]
---------------------------------------------

537.5662402000232
[2, 3, 6]
---------------------------------------------

632.8479522732409
[2, 3, 5]
---------------------------------------------

550.991245538837
[1, 13, 14]
---------------------------------------------

541.8230069814958
[1, 12, 13]
---------------------------------------------

585.1312366208995
[1, 11, 13]
---------------------------------------------

588.6151951789096
[1, 10, 14]
---------------------------------------------

621.4839329806043
[1, 10, 13]
---------------------------------------------

689.358817492923
[1, 10, 12]
---------------------------------------------

604.2967879245477
[1, 10, 11]
---------------------------------------------

609.9684040507716
[1, 9, 14]
---------------------------------------------

659.9328443356825
[1, 9, 13]
---------------------------------------------

715.3509824784351
[1, 9, 12]
---------------------------------------------

625.1417052854105
[1, 9, 11]
---------------------------------------------

633.0587787727324
[1, 8, 14]
---------------------------------------------

700.3721003240748
[1, 8, 13]
---------------------------------------------

742.6951342534122
[1, 8, 12]
---------------------------------------------

647.7750149045854
[1, 8, 11]
---------------------------------------------

652.2139086431133
[1, 7, 13]
---------------------------------------------

766.669468851672
[1, 7, 10]
---------------------------------------------

792.6002532050965
[1, 7, 9]
---------------------------------------------

819.8688355269691
[1, 7, 8]
---------------------------------------------

824.1228713731826
[1, 6, 14]
---------------------------------------------

927.6008888122631
[1, 6, 13]
---------------------------------------------

743.1535375005641
[1, 6, 12]
---------------------------------------------

844.2646016331836
[1, 6, 11]
---------------------------------------------

792.6645643198907
[1, 6, 7]
---------------------------------------------

931.1894739143754
[1, 5, 14]
---------------------------------------------

1088.6996393011352
[1, 5, 13]
---------------------------------------------

837.5920092532244
[1, 5, 12]
---------------------------------------------

951.2623342707727
[1, 5, 11]
---------------------------------------------

883.4360474432739
[1, 5, 7]
---------------------------------------------

359.1726866980603
[1, 4, 13]
---------------------------------------------

519.6454768717898
[1, 4, 10]
---------------------------------------------

543.3778084427277
[1, 4, 9]
---------------------------------------------

568.318532736877
[1, 4, 8]
---------------------------------------------

704.6483647481555
[1, 4, 6]
---------------------------------------------

810.6194366092527
[1, 4, 5]
---------------------------------------------

330.4974360816332
[1, 3, 13]
---------------------------------------------

524.5976266932361
[1, 3, 10]
---------------------------------------------

549.0268842361512
[1, 3, 9]
---------------------------------------------

574.8424391310768
[1, 3, 8]
---------------------------------------------

678.9893714168667
[1, 3, 6]
---------------------------------------------

783.2477169904224
[1, 3, 5]
---------------------------------------------

Minimum losses for current step: 159.6423781729071