117.18494076595519
[12, 13, 14]
---------------------------------------------

130.97725481111206
[11, 12, 13]
---------------------------------------------

122.3233402284433
[10, 12, 14]
---------------------------------------------

147.4072532576268
[10, 12, 13]
---------------------------------------------

133.53161123766077
[10, 11, 12]
---------------------------------------------

127.24318832795645
[9, 12, 14]
---------------------------------------------

166.47000520420326
[9, 12, 13]
---------------------------------------------

137.6460670920771
[9, 11, 12]
---------------------------------------------

133.7574822447572
[8, 12, 14]
---------------------------------------------

188.30874238259543
[8, 12, 13]
---------------------------------------------

143.3428328753994
[8, 11, 12]
---------------------------------------------

130.85199128035947
[7, 13, 14]
---------------------------------------------

145.68211483238449
[7, 11, 13]
---------------------------------------------

134.29388351768262
[7, 10, 14]
---------------------------------------------

163.08713145178922
[7, 10, 13]
---------------------------------------------

147.3929857118138
[7, 10, 11]
---------------------------------------------

138.35221937476146
[7, 9, 14]
---------------------------------------------

183.1815080173199
[7, 9, 13]
---------------------------------------------

150.6545957963535
[7, 9, 11]
---------------------------------------------

143.99308443031262
[7, 8, 14]
---------------------------------------------

206.07682157003543
[7, 8, 13]
---------------------------------------------

155.48689671957953
[7, 8, 11]
---------------------------------------------

171.27076337695158
[6, 13, 14]
---------------------------------------------

130.61003247170794
[6, 12, 14]
---------------------------------------------

188.11573307164375
[6, 11, 13]
---------------------------------------------

140.56016035288792
[6, 11, 12]
---------------------------------------------

203.65975769377795
[6, 10, 14]
---------------------------------------------

207.60588188243506
[6, 10, 13]
---------------------------------------------

251.6254610741274
[6, 10, 12]
---------------------------------------------

204.56672337452875
[6, 10, 11]
---------------------------------------------

223.37334946310014
[6, 9, 14]
---------------------------------------------

229.82969789224038
[6, 9, 13]
---------------------------------------------

278.21273070953777
[6, 9, 12]
---------------------------------------------

223.3637984713114
[6, 9, 11]
---------------------------------------------

245.54833896979665
[6, 8, 14]
---------------------------------------------

254.90628525358312
[6, 8, 13]
---------------------------------------------

306.4048376789982
[6, 8, 12]
---------------------------------------------

244.59649875346503
[6, 8, 11]
---------------------------------------------

138.3671085495033
[6, 7, 14]
---------------------------------------------

150.66501012692288
[6, 7, 11]
---------------------------------------------

231.9791402425898
[6, 7, 10]
---------------------------------------------

257.93506025764657
[6, 7, 9]
---------------------------------------------

285.2572717372596
[6, 7, 8]
---------------------------------------------

198.14668238292472
[5, 13, 14]
---------------------------------------------

143.344289115889
[5, 12, 14]
---------------------------------------------

216.05079747644587
[5, 11, 13]
---------------------------------------------

151.95506215200592
[5, 11, 12]
---------------------------------------------

234.60650300953358
[5, 10, 14]
---------------------------------------------

236.6196227381851
[5, 10, 13]
---------------------------------------------

296.8326808120595
[5, 10, 12]
---------------------------------------------

234.53122743189687
[5, 10, 11]
---------------------------------------------

256.41700365045085
[5, 9, 14]
---------------------------------------------

259.9451840883957
[5, 9, 13]
---------------------------------------------

325.05859509653897
[5, 9, 12]
---------------------------------------------

255.40003735865818
[5, 9, 11]
---------------------------------------------

280.7393217509484
[5, 8, 14]
---------------------------------------------

286.0655202192323
[5, 8, 13]
---------------------------------------------

355.17806135968914
[5, 8, 12]
---------------------------------------------

278.7538763381808
[5, 8, 11]
---------------------------------------------

148.24404304641303
[5, 7, 14]
---------------------------------------------

159.2327232586967
[5, 7, 11]
---------------------------------------------

275.6090326409887
[5, 7, 10]
---------------------------------------------

302.56763274154036
[5, 7, 9]
---------------------------------------------

331.56877972524734
[5, 7, 8]
---------------------------------------------

88.90569480233857
[4, 12, 13]
---------------------------------------------

111.56084037773357
[4, 10, 12]
---------------------------------------------

121.95714284134635
[4, 9, 12]
---------------------------------------------

134.0315799310708
[4, 8, 12]
---------------------------------------------

96.54560492023168
[4, 7, 13]
---------------------------------------------

111.73221128071425
[4, 7, 10]
---------------------------------------------

121.20783988011259
[4, 7, 9]
---------------------------------------------

132.34853535317194
[4, 7, 8]
---------------------------------------------

124.47510664521883
[4, 6, 13]
---------------------------------------------

128.45059986749064
[4, 6, 12]
---------------------------------------------

248.40219540975474
[4, 6, 10]
---------------------------------------------

272.9702152291791
[4, 6, 9]
---------------------------------------------

299.00747415979095
[4, 6, 8]
---------------------------------------------

121.27322350052881
[4, 6, 7]
---------------------------------------------

144.9056335281632
[4, 5, 13]
---------------------------------------------

150.3403505956357
[4, 5, 12]
---------------------------------------------

284.21160670500956
[4, 5, 10]
---------------------------------------------

310.0724182746144
[4, 5, 9]
---------------------------------------------

337.735609669706
[4, 5, 8]
---------------------------------------------

140.05755514595
[4, 5, 7]
---------------------------------------------

114.21268318735316
[3, 12, 13]
---------------------------------------------

146.37981829351867
[3, 10, 12]
---------------------------------------------

159.76724102420383
[3, 9, 12]
---------------------------------------------

174.8833043644105
[3, 8, 12]
---------------------------------------------

119.01339717149057
[3, 7, 13]
---------------------------------------------

140.5829751019708
[3, 7, 10]
---------------------------------------------

153.01419503928287
[3, 7, 9]
---------------------------------------------

167.1597730220144
[3, 7, 8]
---------------------------------------------

141.0973770805621
[3, 6, 13]
---------------------------------------------

168.00943113485778
[3, 6, 12]
---------------------------------------------

297.2447642050527
[3, 6, 10]
---------------------------------------------

323.2062175489141
[3, 6, 9]
---------------------------------------------

351.00593542528225
[3, 6, 8]
---------------------------------------------

153.1225506191232
[3, 6, 7]
---------------------------------------------

158.51430190637728
[3, 5, 13]
---------------------------------------------

194.85178866077118
[3, 5, 12]
---------------------------------------------

334.80113098114
[3, 5, 10]
---------------------------------------------

362.16852138728655
[3, 5, 9]
---------------------------------------------

391.1222123779148
[3, 5, 8]
---------------------------------------------

176.7775707085131
[3, 5, 7]
---------------------------------------------

222.73784626168978
[2, 13, 14]
---------------------------------------------

246.16341623989447
[2, 12, 13]
---------------------------------------------

247.72936247135357
[2, 11, 13]
---------------------------------------------

246.2451868698502
[2, 10, 14]
---------------------------------------------

274.9337725120542
[2, 10, 13]
---------------------------------------------

294.09083513603065
[2, 10, 12]
---------------------------------------------

259.8499732539592
[2, 10, 11]
---------------------------------------------

260.36677591660344
[2, 9, 14]
---------------------------------------------

304.26172831653366
[2, 9, 13]
---------------------------------------------

312.1173531820723
[2, 9, 12]
---------------------------------------------

273.532211973825
[2, 9, 11]
---------------------------------------------

276.19646989543173
[2, 8, 14]
---------------------------------------------

335.9562293793411
[2, 8, 13]
---------------------------------------------

331.86272429247106
[2, 8, 12]
---------------------------------------------

288.7637282365984
[2, 8, 11]
---------------------------------------------

289.7959992603084
[2, 7, 13]
---------------------------------------------

324.22661792737125
[2, 7, 10]
---------------------------------------------

342.4792204156075
[2, 7, 9]
---------------------------------------------

362.29915577230133
[2, 7, 8]
---------------------------------------------

368.43710765987043
[2, 6, 14]
---------------------------------------------

393.82751724839915
[2, 6, 13]
---------------------------------------------

323.115450459802
[2, 6, 12]
---------------------------------------------

385.23290566876904
[2, 6, 11]
---------------------------------------------

342.71763359272506
[2, 6, 7]
---------------------------------------------

407.52230534553985
[2, 5, 14]
---------------------------------------------

453.23794572154543
[2, 5, 13]
---------------------------------------------

357.20427938415816
[2, 5, 12]
---------------------------------------------

424.2652485547835
[2, 5, 11]
---------------------------------------------

375.33419393395417
[2, 5, 7]
---------------------------------------------

131.27593118900313
[2, 4, 13]
---------------------------------------------

201.94165547010468
[2, 4, 10]
---------------------------------------------

218.27164344538377
[2, 4, 9]
---------------------------------------------

236.370535450076
[2, 4, 8]
---------------------------------------------

297.81628704109613
[2, 4, 6]
---------------------------------------------

336.8242037452794
[2, 4, 5]
---------------------------------------------

136.30074354402169
[2, 3, 13]
---------------------------------------------

212.84791213363417
[2, 3, 10]
---------------------------------------------

230.24506052193615
[2, 3, 9]
---------------------------------------------

249.43176166234642
[2, 3, 8]
---------------------------------------------

289.29806813598026
[2, 3, 6]
---------------------------------------------

327.3068879054984
[2, 3, 5]
---------------------------------------------

295.45888870748865
[1, 13, 14]
---------------------------------------------

342.28141629878354
[1, 12, 13]
---------------------------------------------

322.8480116701551
[1, 11, 13]
---------------------------------------------

321.96901525527505
[1, 10, 14]
---------------------------------------------

352.21213964704145
[1, 10, 13]
---------------------------------------------

396.4269950655929
[1, 10, 12]
---------------------------------------------

336.33308325844433
[1, 10, 11]
---------------------------------------------

337.48358966927793
[1, 9, 14]
---------------------------------------------

383.8103793395457
[1, 9, 13]
---------------------------------------------

416.2598984873936
[1, 9, 12]
---------------------------------------------

351.3491877579645
[1, 9, 11]
---------------------------------------------

354.59519572380873
[1, 8, 14]
---------------------------------------------

417.6696606358964
[1, 8, 13]
---------------------------------------------

437.79698473168924
[1, 8, 12]
---------------------------------------------

368.05733145162606
[1, 8, 11]
---------------------------------------------

392.3738130369141
[1, 7, 13]
---------------------------------------------

430.64242126897074
[1, 7, 10]
---------------------------------------------

450.61780805301714
[1, 7, 9]
---------------------------------------------

472.2928619692872
[1, 7, 8]
---------------------------------------------

472.46508309476303
[1, 6, 14]
---------------------------------------------

507.46334258346695
[1, 6, 13]
---------------------------------------------

428.3553299106224
[1, 6, 12]
---------------------------------------------

490.3713918496651
[1, 6, 11]
---------------------------------------------

450.90958672486977
[1, 6, 7]
---------------------------------------------

515.3830888796844
[1, 5, 14]
---------------------------------------------

572.5235377189376
[1, 5, 13]
---------------------------------------------

465.5868552022038
[1, 5, 12]
---------------------------------------------

533.2154291879204
[1, 5, 11]
---------------------------------------------

486.6955927949108
[1, 5, 7]
---------------------------------------------

180.34686798477236
[1, 4, 13]
---------------------------------------------

268.4569106788569
[1, 4, 10]
---------------------------------------------

286.9486705495515
[1, 4, 9]
---------------------------------------------

307.2424594233615
[1, 4, 8]
---------------------------------------------

393.4103110210603
[1, 4, 6]
---------------------------------------------

435.69558673344807
[1, 4, 5]
---------------------------------------------

172.85824567408784
[1, 3, 13]
---------------------------------------------

273.1135317047101
[1, 3, 10]
---------------------------------------------

292.65635686277096
[1, 3, 9]
---------------------------------------------

313.80670283109765
[1, 3, 8]
---------------------------------------------

378.1738425140942
[1, 3, 6]
---------------------------------------------

419.1264602401446
[1, 3, 5]
---------------------------------------------

Minimum losses for current step: 88.90569480233857