103.27699851251799
[12, 13, 14]
---------------------------------------------

116.04146915876699
[11, 12, 13]
---------------------------------------------

108.01152793281518
[10, 12, 14]
---------------------------------------------

131.4099354792339
[10, 12, 13]
---------------------------------------------

118.39504552201521
[10, 11, 12]
---------------------------------------------

112.7257765283052
[9, 12, 14]
---------------------------------------------

149.39638110639763
[9, 12, 13]
---------------------------------------------

122.30613843098342
[9, 11, 12]
---------------------------------------------

119.03128174366165
[8, 12, 14]
---------------------------------------------

170.1303372739764
[8, 12, 13]
---------------------------------------------

127.79640028789875
[8, 11, 12]
---------------------------------------------

115.25000034780096
[7, 13, 14]
---------------------------------------------

128.93301581485002
[7, 11, 13]
---------------------------------------------

118.39259268243109
[7, 10, 14]
---------------------------------------------

145.2492576008124
[7, 10, 13]
---------------------------------------------

130.495039847305
[7, 10, 11]
---------------------------------------------

122.29844515047772
[7, 9, 14]
---------------------------------------------

164.19316441668798
[7, 9, 13]
---------------------------------------------

133.6057473947429
[7, 9, 11]
---------------------------------------------

127.78438781365448
[7, 8, 14]
---------------------------------------------

185.9075817041607
[7, 8, 13]
---------------------------------------------

138.28462066065333
[7, 8, 11]
---------------------------------------------

150.6817417590818
[6, 13, 14]
---------------------------------------------

115.76712757144043
[6, 12, 14]
---------------------------------------------

166.2743031243253
[6, 11, 13]
---------------------------------------------

124.92411556591593
[6, 11, 12]
---------------------------------------------

180.84321917793514
[6, 10, 14]
---------------------------------------------

184.48661370325982
[6, 10, 13]
---------------------------------------------

224.3609291804149
[6, 10, 12]
---------------------------------------------

181.61095868344913
[6, 10, 11]
---------------------------------------------

199.411847234434
[6, 9, 14]
---------------------------------------------

205.4028160745317
[6, 9, 13]
---------------------------------------------

250.13965573706287
[6, 9, 12]
---------------------------------------------

199.2721043506525
[6, 9, 11]
---------------------------------------------

220.41606233012584
[6, 8, 14]
---------------------------------------------

229.1372072174721
[6, 8, 13]
---------------------------------------------

277.5577020129669
[6, 8, 12]
---------------------------------------------

219.3434852654836
[6, 8, 11]
---------------------------------------------

122.31022088186421
[6, 7, 14]
---------------------------------------------

133.61387484474287
[6, 7, 11]
---------------------------------------------

206.1434112072742
[6, 7, 10]
---------------------------------------------

231.07630830876977
[6, 7, 9]
---------------------------------------------

257.8348145328456
[6, 7, 8]
---------------------------------------------

174.2467457681547
[5, 13, 14]
---------------------------------------------

127.22142928648411
[5, 12, 14]
---------------------------------------------

190.81839462510902
[5, 11, 13]
---------------------------------------------

135.1242716047066
[5, 11, 12]
---------------------------------------------

208.18400638833816
[5, 10, 14]
---------------------------------------------

210.02769583694462
[5, 10, 13]
---------------------------------------------

265.68910553478815
[5, 10, 12]
---------------------------------------------

208.0373798350369
[5, 10, 11]
---------------------------------------------

228.6971579706455
[5, 9, 14]
---------------------------------------------

231.96205402126316
[5, 9, 13]
---------------------------------------------

292.67939970688514
[5, 9, 12]
---------------------------------------------

227.61981230815476
[5, 9, 11]
---------------------------------------------

251.69232985839253
[5, 8, 14]
---------------------------------------------

256.7393649781935
[5, 8, 13]
---------------------------------------------

321.6206159060541
[5, 8, 12]
---------------------------------------------

249.65797265528283
[5, 8, 11]
---------------------------------------------

131.24640738590713
[5, 7, 14]
---------------------------------------------

141.3219376374144
[5, 7, 11]
---------------------------------------------

245.79685761923736
[5, 7, 10]
---------------------------------------------

272.166593520689
[5, 7, 9]
---------------------------------------------

299.92985891960467
[5, 7, 8]
---------------------------------------------

79.5720455493081
[4, 12, 13]
---------------------------------------------

99.4051624485042
[4, 10, 12]
---------------------------------------------

109.2270032832331
[4, 9, 12]
---------------------------------------------

120.71805977373026
[4, 8, 12]
---------------------------------------------

86.27677880548053
[4, 7, 13]
---------------------------------------------

99.45114196716166
[4, 7, 10]
---------------------------------------------

108.4127519185748
[4, 7, 9]
---------------------------------------------

119.0313913913391
[4, 7, 8]
---------------------------------------------

110.82323674972879
[4, 6, 13]
---------------------------------------------

114.99890470389776
[4, 6, 12]
---------------------------------------------

221.58634910272733
[4, 6, 10]
---------------------------------------------

245.20860481385944
[4, 6, 9]
---------------------------------------------

270.6283948498497
[4, 6, 8]
---------------------------------------------

108.46261282231693
[4, 6, 7]
---------------------------------------------

128.78091563592116
[4, 5, 13]
---------------------------------------------

134.43206880306144
[4, 5, 12]
---------------------------------------------

253.823198308653
[4, 5, 10]
---------------------------------------------

278.73849561607125
[4, 5, 9]
---------------------------------------------

305.2382379357517
[4, 5, 8]
---------------------------------------------

125.20998233919202
[4, 5, 7]
---------------------------------------------

102.18734321480831
[3, 12, 13]
---------------------------------------------

130.19632613496717
[3, 10, 12]
---------------------------------------------

142.79085532910506
[3, 9, 12]
---------------------------------------------

157.10103857127586
[3, 8, 12]
---------------------------------------------

106.4005040129108
[3, 7, 13]
---------------------------------------------

125.01950188611119
[3, 7, 10]
---------------------------------------------

136.72307138906194
[3, 7, 9]
---------------------------------------------

150.12906435791058
[3, 7, 8]
---------------------------------------------

125.8238825597093
[3, 6, 13]
---------------------------------------------

150.0768536044651
[3, 6, 12]
---------------------------------------------

266.3730944803857
[3, 6, 10]
---------------------------------------------

291.21125878249273
[3, 6, 9]
---------------------------------------------

317.8178733205754
[3, 6, 8]
---------------------------------------------

136.80484388463518
[3, 6, 7]
---------------------------------------------

141.1423354027355
[3, 5, 13]
---------------------------------------------

173.85699704568458
[3, 5, 12]
---------------------------------------------

299.79947266210877
[3, 5, 10]
---------------------------------------------

326.14627015135346
[3, 5, 9]
---------------------------------------------

354.1820865515424
[3, 5, 8]
---------------------------------------------

157.79689404851013
[3, 5, 7]
---------------------------------------------

195.5285361249009
[2, 13, 14]
---------------------------------------------

220.23937651321242
[2, 12, 13]
---------------------------------------------

219.9618556481777
[2, 11, 13]
---------------------------------------------

218.06311824548428
[2, 10, 14]
---------------------------------------------

246.09886506384308
[2, 10, 13]
---------------------------------------------

262.58123597219077
[2, 10, 12]
---------------------------------------------

231.44733192601248
[2, 10, 11]
---------------------------------------------

231.6485355139759
[2, 9, 14]
---------------------------------------------

274.4900714467093
[2, 9, 13]
---------------------------------------------

279.66849424763507
[2, 9, 12]
---------------------------------------------

244.41865649120234
[2, 9, 11]
---------------------------------------------

246.82171929754153
[2, 8, 14]
---------------------------------------------

304.93113088165245
[2, 8, 13]
---------------------------------------------

298.4106143637841
[2, 8, 12]
---------------------------------------------

259.0783430170559
[2, 8, 11]
---------------------------------------------

259.74148834998215
[2, 7, 13]
---------------------------------------------

289.7810889225033
[2, 7, 10]
---------------------------------------------

307.04670814544335
[2, 7, 9]
---------------------------------------------

326.0163469555022
[2, 7, 8]
---------------------------------------------

330.4794685998071
[2, 6, 14]
---------------------------------------------

353.637927131301
[2, 6, 13]
---------------------------------------------

289.41110994233065
[2, 6, 12]
---------------------------------------------

346.67983302295073
[2, 6, 11]
---------------------------------------------

307.22710375332224
[2, 6, 7]
---------------------------------------------

365.83122689271727
[2, 5, 14]
---------------------------------------------

407.8185858978454
[2, 5, 13]
---------------------------------------------

319.9261238865902
[2, 5, 12]
---------------------------------------------

382.0527725680006
[2, 5, 11]
---------------------------------------------

336.65508457865445
[2, 5, 7]
---------------------------------------------

116.740538102259
[2, 4, 13]
---------------------------------------------

179.06092758267604
[2, 4, 10]
---------------------------------------------

194.38424834484246
[2, 4, 9]
---------------------------------------------

211.46034209158955
[2, 4, 8]
---------------------------------------------

266.2632075575476
[2, 4, 6]
---------------------------------------------

301.1302544940411
[2, 4, 5]
---------------------------------------------

121.60058028462092
[2, 3, 13]
---------------------------------------------

188.70983484828741
[2, 3, 10]
---------------------------------------------

205.01848832050436
[2, 3, 9]
---------------------------------------------

223.09885315673841
[2, 3, 8]
---------------------------------------------

257.0073718121614
[2, 3, 6]
---------------------------------------------

292.5643407764755
[2, 3, 5]
---------------------------------------------

260.82818062783883
[1, 13, 14]
---------------------------------------------

306.806545313064
[1, 12, 13]
---------------------------------------------

287.0533379958659
[1, 11, 13]
---------------------------------------------

285.9497919345502
[1, 10, 14]
---------------------------------------------

315.63606776526
[1, 10, 13]
---------------------------------------------

354.7195276134595
[1, 10, 12]
---------------------------------------------

299.9974171116237
[1, 10, 11]
---------------------------------------------

300.91456423277185
[1, 9, 14]
---------------------------------------------

346.1619366627057
[1, 9, 13]
---------------------------------------------

373.66691711859454
[1, 9, 12]
---------------------------------------------

314.5288095925819
[1, 9, 11]
---------------------------------------------

317.52136192665125
[1, 8, 14]
---------------------------------------------

378.7126933522344
[1, 8, 13]
---------------------------------------------

394.1609382346513
[1, 8, 12]
---------------------------------------------

330.60707235672044
[1, 8, 11]
---------------------------------------------

351.98740760350694
[1, 7, 13]
---------------------------------------------

385.81035952390187
[1, 7, 10]
---------------------------------------------

404.75885461371973
[1, 7, 9]
---------------------------------------------

425.3983201128557
[1, 7, 8]
---------------------------------------------

424.12763409396143
[1, 6, 14]
---------------------------------------------

456.4624583844587
[1, 6, 13]
---------------------------------------------

384.408609004077
[1, 6, 12]
---------------------------------------------

441.44865112337294
[1, 6, 11]
---------------------------------------------

404.98005241929064
[1, 6, 7]
---------------------------------------------

462.7842977117309
[1, 5, 14]
---------------------------------------------

515.2904083450198
[1, 5, 13]
---------------------------------------------

417.57539381628305
[1, 5, 12]
---------------------------------------------

480.0763081522074
[1, 5, 11]
---------------------------------------------

436.933732531453
[1, 5, 7]
---------------------------------------------

159.65091158071354
[1, 4, 13]
---------------------------------------------

237.32178790304692
[1, 4, 10]
---------------------------------------------

254.63733022118993
[1, 4, 9]
---------------------------------------------

273.73597310648967
[1, 4, 8]
---------------------------------------------

352.13809531236416
[1, 4, 6]
---------------------------------------------

390.74795452223475
[1, 4, 5]
---------------------------------------------

153.62286265272203
[1, 3, 13]
---------------------------------------------

241.536533365914
[1, 3, 10]
---------------------------------------------

259.8234980945764
[1, 3, 9]
---------------------------------------------

279.91256589138857
[1, 3, 8]
---------------------------------------------

338.855780296241
[1, 3, 6]
---------------------------------------------

376.3729068486667
[1, 3, 5]
---------------------------------------------

Minimum losses for current step: 79.5720455493081