140.36851450429626
[12, 13, 14]
---------------------------------------------

155.76860406865643
[11, 12, 13]
---------------------------------------------

146.16361372935756
[10, 12, 14]
---------------------------------------------

173.79119402654015
[10, 12, 13]
---------------------------------------------

158.64941486402668
[10, 11, 12]
---------------------------------------------

151.4179692468171
[9, 12, 14]
---------------------------------------------

194.52013914116296
[9, 12, 13]
---------------------------------------------

163.0946288013577
[9, 11, 12]
---------------------------------------------

158.27224693967102
[8, 12, 14]
---------------------------------------------

218.06948771870415
[8, 12, 13]
---------------------------------------------

169.12746317220655
[8, 11, 12]
---------------------------------------------

156.9374070998212
[7, 13, 14]
---------------------------------------------

173.44743533747382
[7, 11, 13]
---------------------------------------------

160.8654465703658
[7, 10, 14]
---------------------------------------------

192.60033186624565
[7, 10, 13]
---------------------------------------------

175.39992871461297
[7, 10, 11]
---------------------------------------------

165.17159258342022
[7, 9, 14]
---------------------------------------------

214.48367919412559
[7, 9, 13]
---------------------------------------------

178.9064031710267
[7, 9, 11]
---------------------------------------------

171.06442963546993
[7, 8, 14]
---------------------------------------------

239.21563133268415
[7, 8, 13]
---------------------------------------------

183.98749630023113
[7, 8, 11]
---------------------------------------------

205.9087433408009
[6, 13, 14]
---------------------------------------------

155.3480066979462
[6, 12, 14]
---------------------------------------------

224.7168145762331
[6, 11, 13]
---------------------------------------------

166.52343345183303
[6, 11, 12]
---------------------------------------------

241.82266498873932
[6, 10, 14]
---------------------------------------------

246.21030726332475
[6, 10, 13]
---------------------------------------------

295.8755166054245
[6, 10, 12]
---------------------------------------------

242.93115876990865
[6, 10, 11]
---------------------------------------------

263.34862306966363
[6, 9, 14]
---------------------------------------------

270.48455502589235
[6, 9, 13]
---------------------------------------------

323.88654379348054
[6, 9, 12]
---------------------------------------------

263.526111188024
[6, 9, 11]
---------------------------------------------

287.37722608990333
[6, 8, 14]
---------------------------------------------

297.261996259798
[6, 8, 13]
---------------------------------------------

353.72936305117526
[6, 8, 12]
---------------------------------------------

286.5972503386317
[6, 8, 11]
---------------------------------------------

165.19226903872814
[6, 7, 14]
---------------------------------------------

178.92110318921536
[6, 7, 11]
---------------------------------------------

274.45087192191113
[6, 7, 10]
---------------------------------------------

301.15361845227636
[6, 7, 9]
---------------------------------------------

329.8129694789876
[6, 7, 8]
---------------------------------------------

238.537602987603
[5, 13, 14]
---------------------------------------------

170.30465921891303
[5, 12, 14]
---------------------------------------------

258.538674081885
[5, 11, 13]
---------------------------------------------

180.00028129861934
[5, 11, 12]
---------------------------------------------

279.01363526562466
[5, 10, 14]
---------------------------------------------

281.2474451344524
[5, 10, 13]
---------------------------------------------

348.4167797431852
[5, 10, 12]
---------------------------------------------

279.0274245246798
[5, 10, 11]
---------------------------------------------

302.8903769468221
[5, 9, 14]
---------------------------------------------

306.75252194129524
[5, 9, 13]
---------------------------------------------

378.15180415619665
[5, 9, 12]
---------------------------------------------

301.9447207239494
[5, 9, 11]
---------------------------------------------

329.2237571035891
[5, 8, 14]
---------------------------------------------

333.92583663030314
[5, 8, 13]
---------------------------------------------

409.76752689480253
[5, 8, 12]
---------------------------------------------

327.3941454860928
[5, 8, 11]
---------------------------------------------

176.69174855063102
[5, 7, 14]
---------------------------------------------

188.97711766939062
[5, 7, 11]
---------------------------------------------

324.02846194071884
[5, 7, 10]
---------------------------------------------

352.8053691769037
[5, 7, 9]
---------------------------------------------

383.20550652242775
[5, 7, 8]
---------------------------------------------

104.29710353745249
[4, 12, 13]
---------------------------------------------

131.8009962397832
[4, 10, 12]
---------------------------------------------

143.10279586182463
[4, 9, 12]
---------------------------------------------

156.13525680279793
[4, 8, 12]
---------------------------------------------

113.5144317208908
[4, 7, 13]
---------------------------------------------

132.17107597305235
[4, 7, 10]
---------------------------------------------

142.4530474450919
[4, 7, 9]
---------------------------------------------

154.41271773539086
[4, 7, 8]
---------------------------------------------

147.26627353424405
[4, 6, 13]
---------------------------------------------

150.88289678677953
[4, 6, 12]
---------------------------------------------

291.9053032455841
[4, 6, 10]
---------------------------------------------

317.81640569705735
[4, 6, 9]
---------------------------------------------

345.57749818708095
[4, 6, 8]
---------------------------------------------

142.54808425896562
[4, 6, 7]
---------------------------------------------

171.98951189049728
[4, 5, 13]
---------------------------------------------

176.92598654066006
[4, 5, 12]
---------------------------------------------

334.0871443312506
[4, 5, 10]
---------------------------------------------

361.43404797349405
[4, 5, 9]
---------------------------------------------

390.50275286365974
[4, 5, 8]
---------------------------------------------

164.87720986365778
[4, 5, 7]
---------------------------------------------

133.98501485589367
[3, 12, 13]
---------------------------------------------

173.37832783707742
[3, 10, 12]
---------------------------------------------

188.0148571470761
[3, 9, 12]
---------------------------------------------

204.40061871297922
[3, 8, 12]
---------------------------------------------

139.7674215962657
[3, 7, 13]
---------------------------------------------

166.49656467623916
[3, 7, 10]
---------------------------------------------

180.06929516114772
[3, 7, 9]
---------------------------------------------

195.37522732077784
[3, 7, 8]
---------------------------------------------

166.42759137225755
[3, 6, 13]
---------------------------------------------

197.91674267093782
[3, 6, 12]
---------------------------------------------

347.81708198731263
[3, 6, 10]
---------------------------------------------

375.45821540085274
[3, 6, 9]
---------------------------------------------

404.78692030703894
[3, 6, 8]
---------------------------------------------

180.22906886869814
[3, 6, 7]
---------------------------------------------

187.48464563725403
[3, 5, 13]
---------------------------------------------

230.06146108953408
[3, 5, 12]
---------------------------------------------

391.68330846433446
[3, 5, 10]
---------------------------------------------

420.7476235275999
[3, 5, 9]
---------------------------------------------

451.5275309660253
[3, 5, 8]
---------------------------------------------

208.47441465893687
[3, 5, 7]
---------------------------------------------

266.4497660825548
[2, 13, 14]
---------------------------------------------

287.94504943351404
[2, 12, 13]
---------------------------------------------

292.80810515185533
[2, 11, 13]
---------------------------------------------

291.73059825436997
[2, 10, 14]
---------------------------------------------

321.6733919240752
[2, 10, 13]
---------------------------------------------

345.5769360445011
[2, 10, 12]
---------------------------------------------

305.88495223036364
[2, 10, 11]
---------------------------------------------

306.83723220870485
[2, 9, 14]
---------------------------------------------

352.8436247871623
[2, 9, 13]
---------------------------------------------

364.7571852320239
[2, 9, 12]
---------------------------------------------

320.61252515042435
[2, 9, 11]
---------------------------------------------

323.6559722714011
[2, 8, 14]
---------------------------------------------

385.94346446393575
[2, 8, 13]
---------------------------------------------

385.5484322529057
[2, 8, 12]
---------------------------------------------

337.0427123146973
[2, 8, 11]
---------------------------------------------

338.29176475308986
[2, 7, 13]
---------------------------------------------

380.2133347438848
[2, 7, 10]
---------------------------------------------

399.488469709321
[2, 7, 9]
---------------------------------------------

420.4607949370922
[2, 7, 8]
---------------------------------------------

429.86256703866763
[2, 6, 14]
---------------------------------------------

458.3863619267962
[2, 6, 13]
---------------------------------------------

377.60137875127856
[2, 6, 12]
---------------------------------------------

447.44067292999983
[2, 6, 11]
---------------------------------------------

399.8269720812222
[2, 6, 7]
---------------------------------------------

475.37515914822063
[2, 5, 14]
---------------------------------------------

527.4073693003977
[2, 5, 13]
---------------------------------------------

417.48786576180737
[2, 5, 12]
---------------------------------------------

492.90460393517264
[2, 5, 11]
---------------------------------------------

438.0859961761418
[2, 5, 7]
---------------------------------------------

155.52219249137931
[2, 4, 13]
---------------------------------------------

240.22545145078618
[2, 4, 10]
---------------------------------------------

258.14062727673075
[2, 4, 9]
---------------------------------------------

277.8503247125175
[2, 4, 8]
---------------------------------------------

349.43740809536837
[2, 4, 6]
---------------------------------------------

394.53793976815393
[2, 4, 5]
---------------------------------------------

160.63870695433488
[2, 3, 13]
---------------------------------------------

253.22878513652728
[2, 3, 10]
---------------------------------------------

272.3409332990856
[2, 3, 9]
---------------------------------------------

292.9435168673753
[2, 3, 8]
---------------------------------------------

339.36770437998246
[2, 3, 6]
---------------------------------------------

382.70409988618763
[2, 3, 5]
---------------------------------------------

351.2490970601392
[1, 13, 14]
---------------------------------------------

399.3290377182235
[1, 12, 13]
---------------------------------------------

380.1560899250168
[1, 11, 13]
---------------------------------------------

379.7019917667273
[1, 10, 14]
---------------------------------------------

411.4790064090291
[1, 10, 13]
---------------------------------------------

463.9208717513778
[1, 10, 12]
---------------------------------------------

394.78376749241176
[1, 10, 11]
---------------------------------------------

396.3964483519117
[1, 9, 14]
---------------------------------------------

445.0909545938502
[1, 9, 13]
---------------------------------------------

485.3366802864699
[1, 9, 12]
---------------------------------------------

411.0897839727771
[1, 9, 11]
---------------------------------------------

414.80780495666653
[1, 8, 14]
---------------------------------------------

480.87592861167576
[1, 8, 13]
---------------------------------------------

508.4707369780866
[1, 8, 12]
---------------------------------------------

429.07946858289995
[1, 8, 11]
---------------------------------------------

456.67037909771125
[1, 7, 13]
---------------------------------------------

503.46901219067655
[1, 7, 10]
---------------------------------------------

525.004143830489
[1, 7, 9]
---------------------------------------------

548.2330393540304
[1, 7, 8]
---------------------------------------------

550.7541167923742
[1, 6, 14]
---------------------------------------------

590.1699753439474
[1, 6, 13]
---------------------------------------------

499.72718108001783
[1, 6, 12]
---------------------------------------------

569.4258286343046
[1, 6, 11]
---------------------------------------------

525.4292495210252
[1, 6, 7]
---------------------------------------------

600.7470625909781
[1, 5, 14]
---------------------------------------------

665.510881348553
[1, 5, 13]
---------------------------------------------

542.4924986094893
[1, 5, 12]
---------------------------------------------

619.2951097755384
[1, 5, 11]
---------------------------------------------

567.17762245244
[1, 5, 7]
---------------------------------------------

214.9472584618493
[1, 4, 13]
---------------------------------------------

320.61415827669714
[1, 4, 10]
---------------------------------------------

340.96135752542983
[1, 4, 9]
---------------------------------------------

362.80210042919214
[1, 4, 8]
---------------------------------------------

459.2736864658541
[1, 4, 6]
---------------------------------------------

508.0766897945261
[1, 4, 5]
---------------------------------------------

204.78827179839973
[1, 3, 13]
---------------------------------------------

325.47406550004507
[1, 3, 10]
---------------------------------------------

346.1242997750097
[1, 3, 9]
---------------------------------------------

368.560612274547
[1, 3, 8]
---------------------------------------------

441.01386028031243
[1, 3, 6]
---------------------------------------------

488.7755101989165
[1, 3, 5]
---------------------------------------------

Minimum losses for current step: 104.29710353745249