174.6249421286016
[12, 13, 14]
---------------------------------------------

192.192872753783
[11, 12, 13]
---------------------------------------------

181.27449470250568
[10, 12, 14]
---------------------------------------------

212.42838992015427
[10, 12, 13]
---------------------------------------------

195.49845370185474
[10, 11, 12]
---------------------------------------------

186.96392472077977
[9, 12, 14]
---------------------------------------------

235.4229256429243
[9, 12, 13]
---------------------------------------------

200.37395803630324
[9, 11, 12]
---------------------------------------------

194.26011573592334
[8, 12, 14]
---------------------------------------------

261.2520067987775
[8, 12, 13]
---------------------------------------------

206.84381038105775
[8, 11, 12]
---------------------------------------------

195.47781300548027
[7, 13, 14]
---------------------------------------------

214.3158007334683
[7, 11, 13]
---------------------------------------------

200.03756579514973
[7, 10, 14]
---------------------------------------------

235.84504898090003
[7, 10, 13]
---------------------------------------------

216.582333631854
[7, 10, 11]
---------------------------------------------

204.66561378971852
[7, 9, 14]
---------------------------------------------

260.16129142887024
[7, 9, 13]
---------------------------------------------

220.40708962240583
[7, 9, 11]
---------------------------------------------

210.8855701036196
[7, 8, 14]
---------------------------------------------

286.9366581979383
[7, 8, 13]
---------------------------------------------

225.8116002135793
[7, 8, 11]
---------------------------------------------

257.11502492575863
[6, 13, 14]
---------------------------------------------

191.6885108623465
[6, 12, 14]
---------------------------------------------

278.59421233059237
[6, 11, 13]
---------------------------------------------

204.53351512541082
[6, 11, 12]
---------------------------------------------

297.7961273095619
[6, 10, 14]
---------------------------------------------

302.8143596299747
[6, 10, 13]
---------------------------------------------

358.5174627288866
[6, 10, 12]
---------------------------------------------

299.1936001149265
[6, 10, 11]
---------------------------------------------

321.77392779944483
[6, 9, 14]
---------------------------------------------

329.09968568371454
[6, 9, 13]
---------------------------------------------

388.37254918669856
[6, 9, 12]
---------------------------------------------

322.2208232126522
[6, 9, 11]
---------------------------------------------

348.1548099650999
[6, 8, 14]
---------------------------------------------

356.942287517266
[6, 8, 13]
---------------------------------------------

420.1434676437004
[6, 8, 12]
---------------------------------------------

347.77965172239453
[6, 8, 11]
---------------------------------------------

204.69513149281354
[6, 7, 14]
---------------------------------------------

220.42851543321393
[6, 7, 11]
---------------------------------------------

333.7783400363944
[6, 7, 10]
---------------------------------------------

362.31851360089877
[6, 7, 9]
---------------------------------------------

392.68752257287446
[6, 7, 8]
---------------------------------------------

298.22392156842955
[5, 13, 14]
---------------------------------------------

209.79298498478659
[5, 12, 14]
---------------------------------------------

321.08089904525536
[5, 11, 13]
---------------------------------------------

220.97397485995887
[5, 11, 12]
---------------------------------------------

344.13782118081144
[5, 10, 14]
---------------------------------------------

346.4030227417313
[5, 10, 13]
---------------------------------------------

420.99068991233725
[5, 10, 12]
---------------------------------------------

344.2891396682414
[5, 10, 11]
---------------------------------------------

370.28933101123863
[5, 9, 14]
---------------------------------------------

373.2320055345942
[5, 9, 13]
---------------------------------------------

453.13896197183004
[5, 9, 12]
---------------------------------------------

369.91167040799127
[5, 9, 11]
---------------------------------------------

397.67791440678013
[5, 8, 14]
---------------------------------------------

401.71467145175893
[5, 8, 13]
---------------------------------------------

487.12636955468736
[5, 8, 12]
---------------------------------------------

396.6301622710898
[5, 8, 11]
---------------------------------------------

218.4757294870773
[5, 7, 14]
---------------------------------------------

232.59079757854056
[5, 7, 11]
---------------------------------------------

392.7869985826321
[5, 7, 10]
---------------------------------------------

423.5910530957238
[5, 7, 9]
---------------------------------------------

456.2925599221456
[5, 7, 8]
---------------------------------------------

126.71018722943309
[4, 12, 13]
---------------------------------------------

161.27826039883485
[4, 10, 12]
---------------------------------------------

173.83549910711142
[4, 9, 12]
---------------------------------------------

188.07154195138438
[4, 8, 12]
---------------------------------------------

138.2532053119661
[4, 7, 13]
---------------------------------------------

161.97509277996704
[4, 7, 10]
---------------------------------------------

173.33413487552957
[4, 7, 9]
---------------------------------------------

186.43713735035516
[4, 7, 8]
---------------------------------------------

180.52961082274825
[4, 6, 13]
---------------------------------------------

183.40762548208406
[4, 6, 12]
---------------------------------------------

353.90959975232977
[4, 6, 10]
---------------------------------------------

381.8193537155726
[4, 6, 9]
---------------------------------------------

411.51086315142584
[4, 6, 8]
---------------------------------------------

173.51834289118486
[4, 6, 7]
---------------------------------------------

211.59766990129933
[4, 5, 13]
---------------------------------------------

215.4997821957553
[4, 5, 12]
---------------------------------------------

404.61800753495316
[4, 5, 10]
---------------------------------------------

434.2204086556991
[4, 5, 9]
---------------------------------------------

465.5594922812998
[4, 5, 8]
---------------------------------------------

200.88886143723425
[4, 5, 7]
---------------------------------------------

162.82613929507647
[3, 12, 13]
---------------------------------------------

212.86270503848377
[3, 10, 12]
---------------------------------------------

229.1837400943754
[3, 9, 12]
---------------------------------------------

247.28206785723114
[3, 8, 12]
---------------------------------------------

170.05745135234764
[3, 7, 13]
---------------------------------------------

204.4028462678781
[3, 7, 10]
---------------------------------------------

219.51548099261694
[3, 7, 9]
---------------------------------------------

236.38698223352029
[3, 7, 8]
---------------------------------------------

203.4003232698402
[3, 6, 13]
---------------------------------------------

241.52720222229854
[3, 6, 12]
---------------------------------------------

419.6195055428557
[3, 6, 10]
---------------------------------------------

449.44911627960613
[3, 6, 9]
---------------------------------------------

480.9800812827951
[3, 6, 8]
---------------------------------------------

219.76143591114217
[3, 6, 7]
---------------------------------------------

229.76561627423212
[3, 5, 13]
---------------------------------------------

281.23824315118253
[3, 5, 12]
---------------------------------------------

472.553549655132
[3, 5, 10]
---------------------------------------------

503.97405408327535
[3, 5, 9]
---------------------------------------------

536.7791428358013
[3, 5, 8]
---------------------------------------------

254.69351203418307
[3, 5, 7]
---------------------------------------------

328.42161010971256
[2, 13, 14]
---------------------------------------------

347.0702425167022
[2, 12, 13]
---------------------------------------------

357.07715065731327
[2, 11, 13]
---------------------------------------------

356.4538465324314
[2, 10, 14]
---------------------------------------------

387.96855844005
[2, 10, 13]
---------------------------------------------

417.7631478171803
[2, 10, 12]
---------------------------------------------

371.41712917181604
[2, 10, 11]
---------------------------------------------

372.85511239747063
[2, 9, 14]
---------------------------------------------

421.14078196162444
[2, 9, 13]
---------------------------------------------

438.7123437293279
[2, 9, 12]
---------------------------------------------

387.4100855300607
[2, 9, 11]
---------------------------------------------

390.9747954110919
[2, 8, 14]
---------------------------------------------

456.52656092282575
[2, 8, 13]
---------------------------------------------

461.3790744861546
[2, 8, 12]
---------------------------------------------

405.1120333898291
[2, 8, 11]
---------------------------------------------

406.80739254143265
[2, 7, 13]
---------------------------------------------

458.8539130160903
[2, 7, 10]
---------------------------------------------

479.9696968884501
[2, 7, 9]
---------------------------------------------

502.7978889176593
[2, 7, 8]
---------------------------------------------

516.6892522009841
[2, 6, 14]
---------------------------------------------

549.3072002853637
[2, 6, 13]
---------------------------------------------

454.55391037647365
[2, 6, 12]
---------------------------------------------

535.2415666595622
[2, 6, 11]
---------------------------------------------

480.4823588961489
[2, 6, 7]
---------------------------------------------

571.2641241720952
[2, 5, 14]
---------------------------------------------

631.4754345368392
[2, 5, 13]
---------------------------------------------

502.0061922839628
[2, 5, 12]
---------------------------------------------

589.6672876708695
[2, 5, 11]
---------------------------------------------

526.642047483085
[2, 5, 7]
---------------------------------------------

191.05356992150692
[2, 4, 13]
---------------------------------------------

296.4478140604379
[2, 4, 10]
---------------------------------------------

316.5120345088332
[2, 4, 9]
---------------------------------------------

338.4058779617469
[2, 4, 8]
---------------------------------------------

421.3782133902358
[2, 4, 6]
---------------------------------------------

474.4208688124524
[2, 4, 5]
---------------------------------------------

196.16835964719442
[2, 3, 13]
---------------------------------------------

311.33152198300337
[2, 3, 10]
---------------------------------------------

331.7561459546865
[2, 3, 9]
---------------------------------------------

353.92095337305403
[2, 3, 8]
---------------------------------------------

408.45497781451024
[2, 3, 6]
---------------------------------------------

460.06913815864266
[2, 3, 5]
---------------------------------------------

430.65964633753595
[1, 13, 14]
---------------------------------------------

479.4022291382457
[1, 12, 13]
---------------------------------------------

462.2878404417685
[1, 11, 13]
---------------------------------------------

462.47077088664264
[1, 10, 14]
---------------------------------------------

496.23221812316416
[1, 10, 13]
---------------------------------------------

559.9081290036953
[1, 10, 12]
---------------------------------------------

478.5953745030129
[1, 10, 11]
---------------------------------------------

480.78278859810075
[1, 9, 14]
---------------------------------------------

531.8527902370577
[1, 9, 13]
---------------------------------------------

583.1156822144937
[1, 9, 12]
---------------------------------------------

496.3069132006918
[1, 9, 11]
---------------------------------------------

500.49621203513124
[1, 8, 14]
---------------------------------------------

569.5102293863988
[1, 8, 13]
---------------------------------------------

607.6200286065136
[1, 8, 12]
---------------------------------------------

515.5714975942999
[1, 8, 11]
---------------------------------------------

547.6771573754261
[1, 7, 13]
---------------------------------------------

606.6576565194381
[1, 7, 10]
---------------------------------------------

629.7793600610775
[1, 7, 9]
---------------------------------------------

654.2875878368624
[1, 7, 8]
---------------------------------------------

660.9271180049273
[1, 6, 14]
---------------------------------------------

706.2847075598667
[1, 6, 13]
---------------------------------------------

599.543457575079
[1, 6, 12]
---------------------------------------------

680.6301687122358
[1, 6, 11]
---------------------------------------------

630.2074059653726
[1, 6, 7]
---------------------------------------------

719.9294002994345
[1, 5, 14]
---------------------------------------------

795.4349754732492
[1, 5, 13]
---------------------------------------------

650.1692655762237
[1, 5, 12]
---------------------------------------------

739.6227013083748
[1, 5, 11]
---------------------------------------------

679.3819404620789
[1, 5, 7]
---------------------------------------------

265.86834480452654
[1, 4, 13]
---------------------------------------------

394.77265695075204
[1, 4, 10]
---------------------------------------------

416.371789346777
[1, 4, 9]
---------------------------------------------

439.43190242469313
[1, 4, 8]
---------------------------------------------

551.603756174614
[1, 4, 6]
---------------------------------------------

609.6765807931313
[1, 4, 5]
---------------------------------------------

251.57526541540005
[1, 3, 13]
---------------------------------------------

399.4680268261244
[1, 3, 10]
---------------------------------------------

421.71033101740704
[1, 3, 9]
---------------------------------------------

445.61828655934534
[1, 3, 8]
---------------------------------------------

529.7078253803026
[1, 3, 6]
---------------------------------------------

586.6313177165224
[1, 3, 5]
---------------------------------------------

Minimum losses for current step: 126.71018722943309