226.54049455655039
[12, 13, 14]
---------------------------------------------

268.3935118737891
[11, 12, 13]
---------------------------------------------

259.01795933794585
[10, 12, 14]
---------------------------------------------

361.33728091678734
[10, 12, 13]
---------------------------------------------

284.1420800831552
[10, 11, 12]
---------------------------------------------

328.23962063733404
[9, 12, 14]
---------------------------------------------

491.96245757262943
[9, 12, 13]
---------------------------------------------

334.28411413036036
[9, 11, 12]
---------------------------------------------

434.62896159463173
[8, 12, 14]
---------------------------------------------

658.1457724542917
[8, 12, 13]
---------------------------------------------

420.82880648273357
[8, 11, 12]
---------------------------------------------

248.04747016457713
[7, 13, 14]
---------------------------------------------

299.4253919458527
[7, 11, 13]
---------------------------------------------

263.45793735020214
[7, 10, 14]
---------------------------------------------

398.1091278797311
[7, 10, 13]
---------------------------------------------

306.8882801588438
[7, 10, 11]
---------------------------------------------

323.4915551557261
[7, 9, 14]
---------------------------------------------

535.331696130321
[7, 9, 13]
---------------------------------------------

348.2894959408063
[7, 9, 11]
---------------------------------------------

420.7558843462228
[7, 8, 14]
---------------------------------------------

707.2313779227024
[7, 8, 13]
---------------------------------------------

425.4776519163357
[7, 8, 11]
---------------------------------------------

346.81193098510477
[6, 13, 14]
---------------------------------------------

350.7330334887929
[6, 12, 14]
---------------------------------------------

416.0734003403423
[6, 11, 13]
---------------------------------------------

351.8845130678502
[6, 11, 12]
---------------------------------------------

532.8857451247086
[6, 10, 14]
---------------------------------------------

526.1638899599141
[6, 10, 13]
---------------------------------------------

659.006339002778
[6, 10, 12]
---------------------------------------------

514.0702529501548
[6, 10, 11]
---------------------------------------------

676.3175705393107
[6, 9, 14]
---------------------------------------------

673.0331523614918
[6, 9, 13]
---------------------------------------------

833.5261916202674
[6, 9, 12]
---------------------------------------------

645.273942710891
[6, 9, 11]
---------------------------------------------

850.2368295424828
[6, 8, 14]
---------------------------------------------

853.4284321739143
[6, 8, 13]
---------------------------------------------

1037.829668849669
[6, 8, 12]
---------------------------------------------

809.0491013689754
[6, 8, 11]
---------------------------------------------

323.117529747054
[6, 7, 14]
---------------------------------------------

348.074156253125
[6, 7, 11]
---------------------------------------------

598.3634612531896
[6, 7, 10]
---------------------------------------------

765.57036861237
[6, 7, 9]
---------------------------------------------

963.0269410002271
[6, 7, 8]
---------------------------------------------

425.10402767029365
[5, 13, 14]
---------------------------------------------

430.21965150049124
[5, 12, 14]
---------------------------------------------

498.436351739187
[5, 11, 13]
---------------------------------------------

417.1695737796932
[5, 11, 12]
---------------------------------------------

630.765262499973
[5, 10, 14]
---------------------------------------------

611.6452538758937
[5, 10, 13]
---------------------------------------------

793.8600444555473
[5, 10, 12]
---------------------------------------------

605.8031802888087
[5, 10, 11]
---------------------------------------------

784.077787154855
[5, 9, 14]
---------------------------------------------

762.9212359637016
[5, 9, 13]
---------------------------------------------

980.464763731059
[5, 9, 12]
---------------------------------------------

747.9797274992421
[5, 9, 11]
---------------------------------------------

966.679035667812
[5, 8, 14]
---------------------------------------------

947.2190093779859
[5, 8, 13]
---------------------------------------------

1194.2560155518995
[5, 8, 12]
---------------------------------------------

921.0049183157647
[5, 8, 11]
---------------------------------------------

389.01883809655897
[5, 7, 14]
---------------------------------------------

399.7360257007587
[5, 7, 11]
---------------------------------------------

725.9972072084869
[5, 7, 10]
---------------------------------------------

905.8233369398574
[5, 7, 9]
---------------------------------------------

1113.417551281931
[5, 7, 8]
---------------------------------------------

264.0159049382843
[4, 12, 13]
---------------------------------------------

322.6708802202435
[4, 10, 12]
---------------------------------------------

417.80439957214327
[4, 9, 12]
---------------------------------------------

537.7947942485354
[4, 8, 12]
---------------------------------------------

272.8395922344762
[4, 7, 13]
---------------------------------------------

300.81318259139766
[4, 7, 10]
---------------------------------------------

389.27600515813674
[4, 7, 9]
---------------------------------------------

504.3903474218834
[4, 7, 8]
---------------------------------------------

344.6514521725156
[4, 6, 13]
---------------------------------------------

444.39951737060454
[4, 6, 12]
---------------------------------------------

615.5403837204605
[4, 6, 10]
---------------------------------------------

772.9426986294135
[4, 6, 9]
---------------------------------------------

959.4508380728906
[4, 6, 8]
---------------------------------------------

388.6123778032808
[4, 6, 7]
---------------------------------------------

408.87150897369287
[4, 5, 13]
---------------------------------------------

532.1065215256524
[4, 5, 12]
---------------------------------------------

719.8289392479791
[4, 5, 10]
---------------------------------------------

886.9249217631058
[4, 5, 9]
---------------------------------------------

1080.940525542363
[4, 5, 8]
---------------------------------------------

470.0328793160867
[4, 5, 7]
---------------------------------------------

326.0381870211634
[3, 12, 13]
---------------------------------------------

393.1157290494748
[3, 10, 12]
---------------------------------------------

494.70181607102063
[3, 9, 12]
---------------------------------------------

622.5131295160403
[3, 8, 12]
---------------------------------------------

328.9192711783394
[3, 7, 13]
---------------------------------------------

361.9392960496907
[3, 7, 10]
---------------------------------------------

457.4118024643914
[3, 7, 9]
---------------------------------------------

578.2928427595986
[3, 7, 8]
---------------------------------------------

388.0751014009896
[3, 6, 13]
---------------------------------------------

522.2688932971467
[3, 6, 12]
---------------------------------------------

681.5647663755074
[3, 6, 10]
---------------------------------------------

843.9524859380927
[3, 6, 9]
---------------------------------------------

1034.6257933890306
[3, 6, 8]
---------------------------------------------

456.94452556538533
[3, 6, 7]
---------------------------------------------

445.5103003866711
[3, 5, 13]
---------------------------------------------

616.0988636373216
[3, 5, 12]
---------------------------------------------

787.8689868378904
[3, 5, 10]
---------------------------------------------

959.4728122094954
[3, 5, 9]
---------------------------------------------

1158.0023393632443
[3, 5, 8]
---------------------------------------------

541.9542208817446
[3, 5, 7]
---------------------------------------------

395.3977773171507
[2, 13, 14]
---------------------------------------------

509.3370770021932
[2, 12, 13]
---------------------------------------------

496.6013001622395
[2, 11, 13]
---------------------------------------------

511.8456465653205
[2, 10, 14]
---------------------------------------------

643.5829122828252
[2, 10, 13]
---------------------------------------------

591.5861856226501
[2, 10, 12]
---------------------------------------------

562.1847482536126
[2, 10, 11]
---------------------------------------------

615.0758339344773
[2, 9, 14]
---------------------------------------------

830.8214407374201
[2, 9, 13]
---------------------------------------------

708.0209467163519
[2, 9, 12]
---------------------------------------------

660.3522585805324
[2, 9, 11]
---------------------------------------------

745.0475996978022
[2, 8, 14]
---------------------------------------------

1051.3628551491586
[2, 8, 13]
---------------------------------------------

850.7714186861616
[2, 8, 12]
---------------------------------------------

784.6871188409197
[2, 8, 11]
---------------------------------------------

613.7674278877552
[2, 7, 13]
---------------------------------------------

656.7688605464466
[2, 7, 10]
---------------------------------------------

773.4300049270482
[2, 7, 9]
---------------------------------------------

916.3737542904094
[2, 7, 8]
---------------------------------------------

781.5621563112225
[2, 6, 14]
---------------------------------------------

884.1753145495469
[2, 6, 13]
---------------------------------------------

738.5579541764714
[2, 6, 12]
---------------------------------------------

855.3014096670971
[2, 6, 11]
---------------------------------------------

774.0304356997488
[2, 6, 7]
---------------------------------------------

895.1044960204923
[2, 5, 14]
---------------------------------------------

1045.6699672165635
[2, 5, 13]
---------------------------------------------

843.1997462718235
[2, 5, 12]
---------------------------------------------

969.0499495464178
[2, 5, 11]
---------------------------------------------

875.3574314837359
[2, 5, 7]
---------------------------------------------

344.6514705945947
[2, 4, 13]
---------------------------------------------

493.49231683716886
[2, 4, 10]
---------------------------------------------

603.5100069031693
[2, 4, 9]
---------------------------------------------

739.9660621267652
[2, 4, 8]
---------------------------------------------

719.9768677390704
[2, 4, 6]
---------------------------------------------

831.5444099155231
[2, 4, 5]
---------------------------------------------

372.8326694972994
[2, 3, 13]
---------------------------------------------

508.8010867972828
[2, 3, 10]
---------------------------------------------

622.5870412858187
[2, 3, 9]
---------------------------------------------

761.4989311341255
[2, 3, 8]
---------------------------------------------

711.0952216869352
[2, 3, 6]
---------------------------------------------

820.8584984980324
[2, 3, 5]
---------------------------------------------

479.2588176760496
[1, 13, 14]
---------------------------------------------

628.4832857347808
[1, 12, 13]
---------------------------------------------

590.3562904995957
[1, 11, 13]
---------------------------------------------

607.0464590039829
[1, 10, 14]
---------------------------------------------

746.7650672221313
[1, 10, 13]
---------------------------------------------

718.0521876206061
[1, 10, 12]
---------------------------------------------

662.5315732818433
[1, 10, 11]
---------------------------------------------

714.9743587722197
[1, 9, 14]
---------------------------------------------

942.4852396695044
[1, 9, 13]
---------------------------------------------

841.7506616930945
[1, 9, 12]
---------------------------------------------

764.9833294371714
[1, 9, 11]
---------------------------------------------

849.5485081495793
[1, 8, 14]
---------------------------------------------

1169.2934401603918
[1, 8, 13]
---------------------------------------------

989.9182477546767
[1, 8, 12]
---------------------------------------------

893.867838837724
[1, 8, 11]
---------------------------------------------

744.5643136229025
[1, 7, 13]
---------------------------------------------

790.4492841321791
[1, 7, 10]
---------------------------------------------

913.8808645198427
[1, 7, 9]
---------------------------------------------

1062.5643791674497
[1, 7, 8]
---------------------------------------------

916.760481797916
[1, 6, 14]
---------------------------------------------

1034.396777060173
[1, 6, 13]
---------------------------------------------

873.470124128573
[1, 6, 12]
---------------------------------------------

995.0545404942134
[1, 6, 11]
---------------------------------------------

914.8941797277735
[1, 6, 7]
---------------------------------------------

1036.0873347881295
[1, 5, 14]
---------------------------------------------

1203.6592788532391
[1, 5, 13]
---------------------------------------------

982.277189960591
[1, 5, 12]
---------------------------------------------

1114.4773888075126
[1, 5, 11]
---------------------------------------------

1020.3408900764259
[1, 5, 7]
---------------------------------------------

408.8715346257743
[1, 4, 13]
---------------------------------------------

579.5199304707062
[1, 4, 10]
---------------------------------------------

694.7115228010935
[1, 4, 9]
---------------------------------------------

835.8650436789848
[1, 4, 8]
---------------------------------------------

846.1375456999068
[1, 4, 6]
---------------------------------------------

963.8137370106597
[1, 4, 5]
---------------------------------------------

423.4840024150874
[1, 3, 13]
---------------------------------------------

590.6329868726843
[1, 3, 10]
---------------------------------------------

708.6062938174933
[1, 3, 9]
---------------------------------------------

852.2949508562883
[1, 3, 8]
---------------------------------------------

831.5782324685445
[1, 3, 6]
---------------------------------------------

947.7282314135743
[1, 3, 5]
---------------------------------------------

Minimum losses for current step: 226.54049455655039