245.87445763719478
[12, 13, 14]
---------------------------------------------

292.7166493260094
[11, 12, 13]
---------------------------------------------

282.62447984469077
[10, 12, 14]
---------------------------------------------

388.67182414489133
[10, 12, 13]
---------------------------------------------

310.56217715727917
[10, 11, 12]
---------------------------------------------

354.19394034763
[9, 12, 14]
---------------------------------------------

522.4412445524779
[9, 12, 13]
---------------------------------------------

362.9295353309873
[9, 11, 12]
---------------------------------------------

462.5299846100052
[8, 12, 14]
---------------------------------------------

691.189107773655
[8, 12, 13]
---------------------------------------------

451.8703712250035
[8, 11, 12]
---------------------------------------------

270.3176268699622
[7, 13, 14]
---------------------------------------------

327.47192728497777
[7, 11, 13]
---------------------------------------------

288.8758507900957
[7, 10, 14]
---------------------------------------------

428.97367796163456
[7, 10, 13]
---------------------------------------------

336.4654054880601
[7, 10, 11]
---------------------------------------------

350.62586868832653
[7, 9, 14]
---------------------------------------------

569.5381865004579
[7, 9, 13]
---------------------------------------------

379.4928551169332
[7, 9, 11]
---------------------------------------------

449.7437817798998
[7, 8, 14]
---------------------------------------------

744.6212366918496
[7, 8, 13]
---------------------------------------------

458.4338950615574
[7, 8, 11]
---------------------------------------------

382.8452412189197
[6, 13, 14]
---------------------------------------------

378.9615267625311
[6, 12, 14]
---------------------------------------------

456.6908458409993
[6, 11, 13]
---------------------------------------------

382.4072585397272
[6, 11, 12]
---------------------------------------------

576.7379711405682
[6, 10, 14]
---------------------------------------------

570.0276609267183
[6, 10, 13]
---------------------------------------------

712.4764940768273
[6, 10, 12]
---------------------------------------------

557.8401186750046
[6, 10, 11]
---------------------------------------------

723.8426282754108
[6, 9, 14]
---------------------------------------------

720.0445609590531
[6, 9, 13]
---------------------------------------------

891.9096764102756
[6, 9, 12]
---------------------------------------------

693.1113809293273
[6, 9, 11]
---------------------------------------------

901.0893754590119
[6, 8, 14]
---------------------------------------------

903.5109855692098
[6, 8, 13]
---------------------------------------------

1100.0679343644208
[6, 8, 12]
---------------------------------------------

860.3301173561921
[6, 8, 11]
---------------------------------------------

350.29807347098114
[6, 7, 14]
---------------------------------------------

379.30194919745503
[6, 7, 11]
---------------------------------------------

647.1892112923357
[6, 7, 10]
---------------------------------------------

819.0541338954445
[6, 7, 9]
---------------------------------------------

1019.7626440851302
[6, 7, 8]
---------------------------------------------

469.9528504218538
[5, 13, 14]
---------------------------------------------

465.2422077691167
[5, 12, 14]
---------------------------------------------

547.00527214969
[5, 11, 13]
---------------------------------------------

454.8357694612138
[5, 11, 12]
---------------------------------------------

683.7983450510208
[5, 10, 14]
---------------------------------------------

663.7702835204486
[5, 10, 13]
---------------------------------------------

860.0228973062679
[5, 10, 12]
---------------------------------------------

658.6195942840069
[5, 10, 11]
---------------------------------------------

841.376059490261
[5, 9, 14]
---------------------------------------------

818.9260900981703
[5, 9, 13]
---------------------------------------------

1051.594264449244
[5, 9, 12]
---------------------------------------------

805.3452360924072
[5, 9, 11]
---------------------------------------------

1027.5961553242014
[5, 8, 14]
---------------------------------------------

1006.4269047965704
[5, 8, 13]
---------------------------------------------

1269.168215094337
[5, 8, 12]
---------------------------------------------

982.2262639838576
[5, 8, 11]
---------------------------------------------

422.4421370683338
[5, 7, 14]
---------------------------------------------

436.2001749667024
[5, 7, 11]
---------------------------------------------

786.971462208076
[5, 7, 10]
---------------------------------------------

970.9600946231884
[5, 7, 9]
---------------------------------------------

1182.4150613132397
[5, 7, 8]
---------------------------------------------

282.50396735138025
[4, 12, 13]
---------------------------------------------

350.80005659473494
[4, 10, 12]
---------------------------------------------

448.02610452073
[4, 9, 12]
---------------------------------------------

570.0503557078422
[4, 8, 12]
---------------------------------------------

292.5224765541507
[4, 7, 13]
---------------------------------------------

327.1733407540897
[4, 7, 10]
---------------------------------------------

417.96178197255324
[4, 7, 9]
---------------------------------------------

534.5467737489324
[4, 7, 8]
---------------------------------------------

374.16032076702203
[4, 6, 13]
---------------------------------------------

476.1849055172198
[4, 6, 12]
---------------------------------------------

665.3789480146028
[4, 6, 10]
---------------------------------------------

827.4635228036731
[4, 6, 9]
---------------------------------------------

1017.5650608835111
[4, 6, 8]
---------------------------------------------

417.3690979584459
[4, 6, 7]
---------------------------------------------

447.2884063175613
[4, 5, 13]
---------------------------------------------

572.0417209465998
[4, 5, 12]
---------------------------------------------

779.9004327755245
[4, 5, 10]
---------------------------------------------

951.6124061283257
[4, 5, 9]
---------------------------------------------

1149.4328241793835
[4, 5, 8]
---------------------------------------------

505.2239321408038
[4, 5, 7]
---------------------------------------------

349.1816150628875
[3, 12, 13]
---------------------------------------------

426.42087590461125
[3, 10, 12]
---------------------------------------------

530.638174060037
[3, 9, 12]
---------------------------------------------

661.6349390505007
[3, 8, 12]
---------------------------------------------

352.448364397065
[3, 7, 13]
---------------------------------------------

392.33024283291064
[3, 7, 10]
---------------------------------------------

490.33265912545403
[3, 7, 9]
---------------------------------------------

613.9169087477172
[3, 7, 8]
---------------------------------------------

419.64429906812296
[3, 6, 13]
---------------------------------------------

560.5558199602866
[3, 6, 12]
---------------------------------------------

736.7475028286892
[3, 6, 10]
---------------------------------------------

903.8234874367898
[3, 6, 9]
---------------------------------------------

1098.6104202405993
[3, 6, 8]
---------------------------------------------

490.04944310276665
[3, 6, 7]
---------------------------------------------

484.99153535746876
[3, 5, 13]
---------------------------------------------

663.2195079598437
[3, 5, 12]
---------------------------------------------

853.34713372606
[3, 5, 10]
---------------------------------------------

1029.9123817725263
[3, 5, 9]
---------------------------------------------

1232.3866153004456
[3, 5, 8]
---------------------------------------------

582.8407075806892
[3, 5, 7]
---------------------------------------------

434.99964345783684
[2, 13, 14]
---------------------------------------------

548.0013909180036
[2, 12, 13]
---------------------------------------------

541.8220188856926
[2, 11, 13]
---------------------------------------------

558.8822340401065
[2, 10, 14]
---------------------------------------------

693.5695230882598
[2, 10, 13]
---------------------------------------------

643.3232598333817
[2, 10, 12]
---------------------------------------------

611.1893824859322
[2, 10, 11]
---------------------------------------------

664.5932668735118
[2, 9, 14]
---------------------------------------------

885.304342846441
[2, 9, 13]
---------------------------------------------

763.8174196633054
[2, 9, 12]
---------------------------------------------

711.9804452535719
[2, 9, 11]
---------------------------------------------

797.3293161908812
[2, 8, 14]
---------------------------------------------

1109.235841649326
[2, 8, 13]
---------------------------------------------

909.5646632241055
[2, 8, 12]
---------------------------------------------

839.0750324857298
[2, 8, 11]
---------------------------------------------

661.4371196159826
[2, 7, 13]
---------------------------------------------

714.4308360819493
[2, 7, 10]
---------------------------------------------

834.9614260865047
[2, 7, 9]
---------------------------------------------

981.2615934374339
[2, 7, 8]
---------------------------------------------

845.12211574942
[2, 6, 14]
---------------------------------------------

956.486140533772
[2, 6, 13]
---------------------------------------------

796.7322627329202
[2, 6, 12]
---------------------------------------------

921.0345130496011
[2, 6, 11]
---------------------------------------------

835.6624121700802
[2, 6, 7]
---------------------------------------------

969.1885222705854
[2, 5, 14]
---------------------------------------------

1132.635521496064
[2, 5, 13]
---------------------------------------------

911.0086287129812
[2, 5, 12]
---------------------------------------------

1045.2695997824994
[2, 5, 11]
---------------------------------------------

946.2763912943464
[2, 5, 7]
---------------------------------------------

374.1603431450121
[2, 4, 13]
---------------------------------------------

536.8857729752381
[2, 4, 10]
---------------------------------------------

650.0687575744904
[2, 4, 9]
---------------------------------------------

789.6395867357194
[2, 4, 8]
---------------------------------------------

776.7990162083586
[2, 4, 6]
---------------------------------------------

898.7101968764418
[2, 4, 5]
---------------------------------------------

402.29471587426866
[2, 3, 13]
---------------------------------------------

553.8360225069102
[2, 3, 10]
---------------------------------------------

670.3889606533523
[2, 3, 9]
---------------------------------------------

812.5462467376673
[2, 3, 8]
---------------------------------------------

766.7933290494384
[2, 3, 6]
---------------------------------------------

886.7407736428182
[2, 3, 5]
---------------------------------------------

528.5960320803936
[1, 13, 14]
---------------------------------------------

678.1732523749159
[1, 12, 13]
---------------------------------------------

644.9533536486556
[1, 11, 13]
---------------------------------------------

663.0435066624185
[1, 10, 14]
---------------------------------------------

806.9089155346013
[1, 10, 13]
---------------------------------------------

782.3405605920794
[1, 10, 12]
---------------------------------------------

721.5463827920917
[1, 10, 11]
---------------------------------------------

774.3745211110396
[1, 9, 14]
---------------------------------------------

1007.0848504159727
[1, 9, 13]
---------------------------------------------

909.8205240456851
[1, 9, 12]
---------------------------------------------

826.6645835438355
[1, 9, 11]
---------------------------------------------

911.9826217378071
[1, 8, 14]
---------------------------------------------

1237.213052052858
[1, 8, 13]
---------------------------------------------

1061.3503767272189
[1, 8, 12]
---------------------------------------------

958.5246469068464
[1, 8, 11]
---------------------------------------------

804.5049231163853
[1, 7, 13]
---------------------------------------------

861.1511321231192
[1, 7, 10]
---------------------------------------------

988.611769862846
[1, 7, 9]
---------------------------------------------

1140.543514653082
[1, 7, 8]
---------------------------------------------

993.0161195064705
[1, 6, 14]
---------------------------------------------

1120.4082195613103
[1, 6, 13]
---------------------------------------------

944.2047447881558
[1, 6, 12]
---------------------------------------------

1073.499310043173
[1, 6, 11]
---------------------------------------------

989.6391494561587
[1, 6, 7]
---------------------------------------------

1122.97079293824
[1, 5, 14]
---------------------------------------------

1304.2901612213107
[1, 5, 13]
---------------------------------------------

1062.8180394720735
[1, 5, 12]
---------------------------------------------

1203.368563722034
[1, 5, 11]
---------------------------------------------

1104.3827144380643
[1, 5, 7]
---------------------------------------------

447.2884249330605
[1, 4, 13]
---------------------------------------------

631.2962062439834
[1, 4, 10]
---------------------------------------------

750.2550522054902
[1, 4, 9]
---------------------------------------------

894.8719843773292
[1, 4, 8]
---------------------------------------------

914.8202520409576
[1, 4, 6]
---------------------------------------------

1043.2763123393736
[1, 4, 5]
---------------------------------------------

459.86365434591113
[1, 3, 13]
---------------------------------------------

642.9662571659603
[1, 3, 10]
---------------------------------------------

764.8468528988689
[1, 3, 9]
---------------------------------------------

912.0882518131791
[1, 3, 8]
---------------------------------------------

898.5731266666492
[1, 3, 6]
---------------------------------------------

1025.4211750248712
[1, 3, 5]
---------------------------------------------

Minimum losses for current step: 245.87445763719478