234.75857058417873
[12, 13, 14]
---------------------------------------------

253.98568691295682
[11, 12, 13]
---------------------------------------------

248.94686827706406
[10, 12, 14]
---------------------------------------------

275.9170953124446
[10, 12, 13]
---------------------------------------------

261.03853461490166
[10, 11, 12]
---------------------------------------------

258.4706864990765
[9, 12, 14]
---------------------------------------------

300.6501799642
[9, 12, 13]
---------------------------------------------

269.70720815142676
[9, 11, 12]
---------------------------------------------

269.6588331801285
[8, 12, 14]
---------------------------------------------

327.42094246346784
[8, 12, 13]
---------------------------------------------

280.02679850022145
[8, 11, 12]
---------------------------------------------

269.8960537491488
[7, 13, 14]
---------------------------------------------

291.5755751174839
[7, 11, 13]
---------------------------------------------

279.9870192219899
[7, 10, 14]
---------------------------------------------

316.00573433543246
[7, 10, 13]
---------------------------------------------

296.59155662709395
[7, 10, 11]
---------------------------------------------

287.42887076035424
[7, 9, 14]
---------------------------------------------

342.1121876042285
[7, 9, 13]
---------------------------------------------

303.19975948661414
[7, 9, 11]
---------------------------------------------

296.50515653469836
[7, 8, 14]
---------------------------------------------

369.9997885542401
[7, 8, 13]
---------------------------------------------

311.429505884097
[7, 8, 11]
---------------------------------------------

411.80017280603874
[6, 13, 14]
---------------------------------------------

273.28642985711923
[6, 12, 14]
---------------------------------------------

436.3541512733166
[6, 11, 13]
---------------------------------------------

283.34852299769796
[6, 11, 12]
---------------------------------------------

463.6564097607316
[6, 10, 14]
---------------------------------------------

462.9587014944095
[6, 10, 13]
---------------------------------------------

572.2289442589248
[6, 10, 12]
---------------------------------------------

462.5009774903129
[6, 10, 11]
---------------------------------------------

491.7182862984607
[6, 9, 14]
---------------------------------------------

491.65136257352947
[6, 9, 13]
---------------------------------------------

608.398167316968
[6, 9, 12]
---------------------------------------------

490.1632865246132
[6, 9, 11]
---------------------------------------------

521.3816163320494
[6, 8, 14]
---------------------------------------------

521.6229581906404
[6, 8, 13]
---------------------------------------------

646.2460840733023
[6, 8, 12]
---------------------------------------------

519.1869010161363
[6, 8, 11]
---------------------------------------------

287.6192684557499
[6, 7, 14]
---------------------------------------------

303.35384387387677
[6, 7, 11]
---------------------------------------------

514.5655600928123
[6, 7, 10]
---------------------------------------------

548.5615138986526
[6, 7, 9]
---------------------------------------------

584.3358564308876
[6, 7, 8]
---------------------------------------------

509.9955326499219
[5, 13, 14]
---------------------------------------------

331.83355279592297
[5, 12, 14]
---------------------------------------------

535.3588321439828
[5, 11, 13]
---------------------------------------------

338.49348944382155
[5, 11, 12]
---------------------------------------------

566.1834319348127
[5, 10, 14]
---------------------------------------------

562.5306437328782
[5, 10, 13]
---------------------------------------------

717.3079842674108
[5, 10, 12]
---------------------------------------------

563.5786331130904
[5, 10, 11]
---------------------------------------------

596.7968119147531
[5, 9, 14]
---------------------------------------------

591.7211927934447
[5, 9, 13]
---------------------------------------------

756.935918702755
[5, 9, 12]
---------------------------------------------

593.5686870973102
[5, 9, 11]
---------------------------------------------

629.090120841836
[5, 8, 14]
---------------------------------------------

622.8495096270349
[5, 8, 13]
---------------------------------------------

798.0913613341759
[5, 8, 12]
---------------------------------------------

625.258153117535
[5, 8, 11]
---------------------------------------------

329.73862958360496
[5, 7, 14]
---------------------------------------------

342.2531502469601
[5, 7, 11]
---------------------------------------------

649.8075273114994
[5, 7, 10]
---------------------------------------------

687.5695707383634
[5, 7, 9]
---------------------------------------------

726.9812342663145
[5, 7, 8]
---------------------------------------------

176.85907880884227
[4, 12, 13]
---------------------------------------------

255.55121570794304
[4, 10, 12]
---------------------------------------------

272.8520624274709
[4, 9, 12]
---------------------------------------------

291.9436648736887
[4, 8, 12]
---------------------------------------------

192.7540217324079
[4, 7, 13]
---------------------------------------------

248.75002551613497
[4, 7, 10]
---------------------------------------------

263.76556779819475
[4, 7, 9]
---------------------------------------------

280.5369941987353
[4, 7, 8]
---------------------------------------------

294.6124419122746
[4, 6, 13]
---------------------------------------------

298.6547687761436
[4, 6, 12]
---------------------------------------------

534.7372628919493
[4, 6, 10]
---------------------------------------------

567.3676120485819
[4, 6, 9]
---------------------------------------------

601.633333144154
[4, 6, 8]
---------------------------------------------

264.450952212311
[4, 6, 7]
---------------------------------------------

381.8774466609229
[4, 5, 13]
---------------------------------------------

387.07717558109914
[4, 5, 12]
---------------------------------------------

648.1539199111282
[4, 5, 10]
---------------------------------------------

683.4762601297447
[4, 5, 9]
---------------------------------------------

720.3390628561947
[4, 5, 8]
---------------------------------------------

335.87652679841415
[4, 5, 7]
---------------------------------------------

218.2407595434336
[3, 12, 13]
---------------------------------------------

330.4900563602644
[3, 10, 12]
---------------------------------------------

351.00919684590434
[3, 9, 12]
---------------------------------------------

372.86178292312445
[3, 8, 12]
---------------------------------------------

225.28786730807803
[3, 7, 13]
---------------------------------------------

306.5804939720982
[3, 7, 10]
---------------------------------------------

325.24838567898547
[3, 7, 9]
---------------------------------------------

345.29335668919015
[3, 7, 8]
---------------------------------------------

308.0835861169931
[3, 6, 13]
---------------------------------------------

380.75816088635366
[3, 6, 12]
---------------------------------------------

612.3737753097091
[3, 6, 10]
---------------------------------------------

646.711084898831
[3, 6, 9]
---------------------------------------------

682.588008948477
[3, 6, 8]
---------------------------------------------

326.2766077396967
[3, 6, 7]
---------------------------------------------

385.5877396349212
[3, 5, 13]
---------------------------------------------

473.4295437131322
[3, 5, 12]
---------------------------------------------

729.057714173177
[3, 5, 10]
---------------------------------------------

765.8960177119689
[3, 5, 9]
---------------------------------------------

804.2063884213788
[3, 5, 8]
---------------------------------------------

409.11145649760016
[3, 5, 7]
---------------------------------------------

480.3248114065898
[2, 13, 14]
---------------------------------------------

425.3095729564221
[2, 12, 13]
---------------------------------------------

512.7192196865184
[2, 11, 13]
---------------------------------------------

516.6971028664584
[2, 10, 14]
---------------------------------------------

547.3644449106856
[2, 10, 13]
---------------------------------------------

579.9625179831512
[2, 10, 12]
---------------------------------------------

531.2719190727042
[2, 10, 11]
---------------------------------------------

537.3941500393814
[2, 9, 14]
---------------------------------------------

584.1846643235839
[2, 9, 13]
---------------------------------------------

605.0264960106143
[2, 9, 12]
---------------------------------------------

551.507212294101
[2, 9, 11]
---------------------------------------------

559.8529214327606
[2, 8, 14]
---------------------------------------------

623.0357964556157
[2, 8, 13]
---------------------------------------------

631.4666753031763
[2, 8, 12]
---------------------------------------------

573.493962181451
[2, 8, 11]
---------------------------------------------

535.2747976362924
[2, 7, 13]
---------------------------------------------

659.8865448153516
[2, 7, 10]
---------------------------------------------

684.9864385852799
[2, 7, 9]
---------------------------------------------

711.444785642172
[2, 7, 8]
---------------------------------------------

724.0354208655345
[2, 6, 14]
---------------------------------------------

832.6925281613758
[2, 6, 13]
---------------------------------------------

636.6669208038549
[2, 6, 12]
---------------------------------------------

743.1556145763229
[2, 6, 11]
---------------------------------------------

685.3999866808299
[2, 6, 7]
---------------------------------------------

843.255184678396
[2, 5, 14]
---------------------------------------------

1013.6947391563092
[2, 5, 13]
---------------------------------------------

743.7586994959303
[2, 5, 12]
---------------------------------------------

862.3549442681502
[2, 5, 11]
---------------------------------------------

787.9206907774535
[2, 5, 7]
---------------------------------------------

298.83968316591074
[2, 4, 13]
---------------------------------------------

458.28585209257193
[2, 4, 10]
---------------------------------------------

482.22560535196715
[2, 4, 9]
---------------------------------------------

506.8181401891745
[2, 4, 8]
---------------------------------------------

613.4260167960446
[2, 4, 6]
---------------------------------------------

730.7322644044788
[2, 4, 5]
---------------------------------------------

287.351384072893
[2, 3, 13]
---------------------------------------------

470.65904535245005
[2, 3, 10]
---------------------------------------------

495.318300532092
[2, 3, 9]
---------------------------------------------

521.0793992444042
[2, 3, 8]
---------------------------------------------

595.3631766186727
[2, 3, 6]
---------------------------------------------

710.2460198822097
[2, 3, 5]
---------------------------------------------

606.348354652916
[1, 13, 14]
---------------------------------------------

574.0950447503917
[1, 12, 13]
---------------------------------------------

641.7400424395071
[1, 11, 13]
---------------------------------------------

646.7171987590883
[1, 10, 14]
---------------------------------------------

679.3107341504774
[1, 10, 13]
---------------------------------------------

749.3917143585538
[1, 10, 12]
---------------------------------------------

662.250526082286
[1, 10, 11]
---------------------------------------------

669.4213115077036
[1, 9, 14]
---------------------------------------------

718.940688721424
[1, 9, 13]
---------------------------------------------

776.5558289917494
[1, 9, 12]
---------------------------------------------

684.4928627079858
[1, 9, 11]
---------------------------------------------

693.6036042792922
[1, 8, 14]
---------------------------------------------

760.4978920858036
[1, 8, 13]
---------------------------------------------

805.0537308470596
[1, 8, 12]
---------------------------------------------

708.3638772210422
[1, 8, 11]
---------------------------------------------

700.9450706432301
[1, 7, 13]
---------------------------------------------

838.9101298990782
[1, 7, 10]
---------------------------------------------

865.9539908592927
[1, 7, 9]
---------------------------------------------

894.3160977222911
[1, 7, 8]
---------------------------------------------

897.5498794410479
[1, 6, 14]
---------------------------------------------

1025.152232746948
[1, 6, 13]
---------------------------------------------

808.6006758727945
[1, 6, 12]
---------------------------------------------

917.881700033389
[1, 6, 11]
---------------------------------------------

865.4909738995448
[1, 6, 7]
---------------------------------------------

1025.545037228644
[1, 5, 14]
---------------------------------------------

1216.7946100143215
[1, 5, 13]
---------------------------------------------

922.4795807588159
[1, 5, 12]
---------------------------------------------

1045.7728415488045
[1, 5, 11]
---------------------------------------------

974.604985725923
[1, 5, 7]
---------------------------------------------

401.546728701855
[1, 4, 13]
---------------------------------------------

575.0962419086204
[1, 4, 10]
---------------------------------------------

599.7802365340797
[1, 4, 9]
---------------------------------------------

625.8513110263295
[1, 4, 8]
---------------------------------------------

773.2850125656106
[1, 4, 6]
---------------------------------------------

900.220444576543
[1, 4, 5]
---------------------------------------------

368.6226567142809
[1, 3, 13]
---------------------------------------------

579.9275858000029
[1, 3, 10]
---------------------------------------------

605.5078255671197
[1, 3, 9]
---------------------------------------------

632.4567866945782
[1, 3, 8]
---------------------------------------------

746.0000970891604
[1, 3, 6]
---------------------------------------------

871.042633413582
[1, 3, 5]
---------------------------------------------

Minimum losses for current step: 176.85907880884227