194.56371233245466
[12, 13, 14]
---------------------------------------------

235.16108277254853
[11, 12, 13]
---------------------------------------------

192.84760353979195
[10, 12, 14]
---------------------------------------------

327.4870506041649
[10, 12, 13]
---------------------------------------------

234.29838444869026
[10, 11, 12]
---------------------------------------------

243.60235181715547
[9, 12, 14]
---------------------------------------------

457.51708932237256
[9, 12, 13]
---------------------------------------------

266.86967682182626
[9, 11, 12]
---------------------------------------------

330.8224694119961
[8, 12, 14]
---------------------------------------------

623.2257810766121
[8, 12, 13]
---------------------------------------------

334.55660406588675
[8, 11, 12]
---------------------------------------------

208.25215144709443
[7, 13, 14]
---------------------------------------------

253.49991428596584
[7, 11, 13]
---------------------------------------------

198.53839775244688
[7, 10, 14]
---------------------------------------------

348.96345009353564
[7, 10, 13]
---------------------------------------------

248.74046009525526
[7, 10, 11]
---------------------------------------------

244.99142432990408
[7, 9, 14]
---------------------------------------------

482.0929354597608
[7, 9, 13]
---------------------------------------------

277.2069478337036
[7, 9, 11]
---------------------------------------------

327.5968971703057
[7, 8, 14]
---------------------------------------------

650.4986346554527
[7, 8, 13]
---------------------------------------------

340.507133013501
[7, 8, 11]
---------------------------------------------

248.75020016259546
[6, 13, 14]
---------------------------------------------

251.41304175417955
[6, 12, 14]
---------------------------------------------

303.52733853164955
[6, 11, 13]
---------------------------------------------

272.69158275735566
[6, 11, 12]
---------------------------------------------

390.563469625568
[6, 10, 14]
---------------------------------------------

404.42714107571373
[6, 10, 13]
---------------------------------------------

468.33511127231947
[6, 10, 12]
---------------------------------------------

381.5738319494855
[6, 10, 11]
---------------------------------------------

519.3607659308296
[6, 9, 14]
---------------------------------------------

544.0940315914396
[6, 9, 13]
---------------------------------------------

621.5168403207653
[6, 9, 12]
---------------------------------------------

496.90426446331924
[6, 9, 11]
---------------------------------------------

678.596653268129
[6, 8, 14]
---------------------------------------------

718.3306001847072
[6, 8, 13]
---------------------------------------------

807.219078226046
[6, 8, 12]
---------------------------------------------

644.5463943300888
[6, 8, 11]
---------------------------------------------

244.3367151144184
[6, 7, 14]
---------------------------------------------

276.90799731720534
[6, 7, 11]
---------------------------------------------

442.84446786580645
[6, 7, 10]
---------------------------------------------

591.7104800718727
[6, 7, 9]
---------------------------------------------

773.8195560370342
[6, 7, 8]
---------------------------------------------

275.6699962953108
[5, 13, 14]
---------------------------------------------

279.29420917388956
[5, 12, 14]
---------------------------------------------

335.4014464360428
[5, 11, 13]
---------------------------------------------

293.8303621500945
[5, 11, 12]
---------------------------------------------

432.6086197594127
[5, 10, 14]
---------------------------------------------

438.93437198824427
[5, 10, 13]
---------------------------------------------

524.7783484666653
[5, 10, 12]
---------------------------------------------

420.52468234010405
[5, 10, 11]
---------------------------------------------

566.2488998080125
[5, 9, 14]
---------------------------------------------

581.7437136824364
[5, 9, 13]
---------------------------------------------

684.7331813867968
[5, 9, 12]
---------------------------------------------

540.9405289277757
[5, 9, 11]
---------------------------------------------

730.1405633715395
[5, 8, 14]
---------------------------------------------

757.6207460977249
[5, 8, 13]
---------------------------------------------

876.5654757855805
[5, 8, 12]
---------------------------------------------

693.4959450871551
[5, 8, 11]
---------------------------------------------

269.086597061076
[5, 7, 14]
---------------------------------------------

295.0046760642899
[5, 7, 11]
---------------------------------------------

497.1056567178446
[5, 7, 10]
---------------------------------------------

653.0293721844589
[5, 7, 9]
---------------------------------------------

841.5617028013621
[5, 7, 8]
---------------------------------------------

232.1404210009127
[4, 12, 13]
---------------------------------------------

229.22306971813862
[4, 10, 12]
---------------------------------------------

308.0288781410811
[4, 9, 12]
---------------------------------------------

419.0838225715643
[4, 8, 12]
---------------------------------------------

239.7941880702462
[4, 7, 13]
---------------------------------------------

222.5773951545607
[4, 7, 10]
---------------------------------------------

296.74445341174595
[4, 7, 9]
---------------------------------------------

405.5196641058097
[4, 7, 8]
---------------------------------------------

267.7782087930454
[4, 6, 13]
---------------------------------------------

318.79777457974785
[4, 6, 12]
---------------------------------------------

464.1557376862787
[4, 6, 10]
---------------------------------------------

605.6180678494042
[4, 6, 9]
---------------------------------------------

777.587868546743
[4, 6, 8]
---------------------------------------------

295.548074532689
[4, 6, 7]
---------------------------------------------

288.2532356802424
[4, 5, 13]
---------------------------------------------

356.7557682028653
[4, 5, 12]
---------------------------------------------

509.25146124020335
[4, 5, 10]
---------------------------------------------

655.3402145866388
[4, 5, 9]
---------------------------------------------

832.0352412803755
[4, 5, 8]
---------------------------------------------

330.42596854255925
[4, 5, 7]
---------------------------------------------

293.06911136283406
[3, 12, 13]
---------------------------------------------

289.6335701792002
[3, 10, 12]
---------------------------------------------

378.0368821996309
[3, 9, 12]
---------------------------------------------

493.9780785842226
[3, 8, 12]
---------------------------------------------

297.87762073151157
[3, 7, 13]
---------------------------------------------

276.9895731384683
[3, 7, 10]
---------------------------------------------

362.3245707247845
[3, 7, 9]
---------------------------------------------

475.7740447280281
[3, 7, 8]
---------------------------------------------

319.99775423157394
[3, 6, 13]
---------------------------------------------

389.3936808764505
[3, 6, 12]
---------------------------------------------

525.7964098603554
[3, 6, 10]
---------------------------------------------

672.6817900178089
[3, 6, 9]
---------------------------------------------

849.3416806253266
[3, 6, 8]
---------------------------------------------

360.84492257154477
[3, 6, 7]
---------------------------------------------

337.4434628646003
[3, 5, 13]
---------------------------------------------

429.2157405159039
[3, 5, 12]
---------------------------------------------

571.8289917422583
[3, 5, 10]
---------------------------------------------

723.4083934152062
[3, 5, 9]
---------------------------------------------

904.5633662236231
[3, 5, 8]
---------------------------------------------

398.1740342265796
[3, 5, 7]
---------------------------------------------

300.16420543945367
[2, 13, 14]
---------------------------------------------

472.87022663488835
[2, 12, 13]
---------------------------------------------

388.1541930722033
[2, 11, 13]
---------------------------------------------

382.0007805856682
[2, 10, 14]
---------------------------------------------

523.5446742685226
[2, 10, 13]
---------------------------------------------

468.91298419846237
[2, 10, 12]
---------------------------------------------

436.93985257913556
[2, 10, 11]
---------------------------------------------

475.3241349737488
[2, 9, 14]
---------------------------------------------

700.2471903966286
[2, 9, 13]
---------------------------------------------

571.7901012725397
[2, 9, 12]
---------------------------------------------

520.6568877520066
[2, 9, 11]
---------------------------------------------

593.4422099636636
[2, 8, 14]
---------------------------------------------

911.067505320521
[2, 8, 13]
---------------------------------------------

701.4995772497522
[2, 8, 12]
---------------------------------------------

634.1235846249594
[2, 8, 11]
---------------------------------------------

526.9114686696234
[2, 7, 13]
---------------------------------------------

500.8508605492985
[2, 7, 10]
---------------------------------------------

603.829641614159
[2, 7, 9]
---------------------------------------------

733.7299129441787
[2, 7, 8]
---------------------------------------------

612.7770169723074
[2, 6, 14]
---------------------------------------------

650.1356634851699
[2, 6, 13]
---------------------------------------------

585.3776875839065
[2, 6, 12]
---------------------------------------------

685.5377604426607
[2, 6, 11]
---------------------------------------------

603.5012664362082
[2, 6, 7]
---------------------------------------------

662.2424189171925
[2, 5, 14]
---------------------------------------------

719.0532525326691
[2, 5, 13]
---------------------------------------------

629.848983654526
[2, 5, 12]
---------------------------------------------

735.2185788520146
[2, 5, 11]
---------------------------------------------

647.1124866511386
[2, 5, 7]
---------------------------------------------

274.59905430770493
[2, 4, 13]
---------------------------------------------

363.30293827439897
[2, 4, 10]
---------------------------------------------

463.8281549336665
[2, 4, 9]
---------------------------------------------

588.8268328449288
[2, 4, 8]
---------------------------------------------

556.0855807018098
[2, 4, 6]
---------------------------------------------

604.3628136240237
[2, 4, 5]
---------------------------------------------

315.19331280306784
[2, 3, 13]
---------------------------------------------

380.7824525796045
[2, 3, 10]
---------------------------------------------

482.29458301419317
[2, 3, 9]
---------------------------------------------

610.373910839026
[2, 3, 8]
---------------------------------------------

550.3422992362075
[2, 3, 6]
---------------------------------------------

597.6192215445353
[2, 3, 5]
---------------------------------------------

372.6949517984343
[1, 13, 14]
---------------------------------------------

589.5815259173996
[1, 12, 13]
---------------------------------------------

470.9137584208167
[1, 11, 13]
---------------------------------------------

467.9112888162024
[1, 10, 14]
---------------------------------------------

616.1072864817044
[1, 10, 13]
---------------------------------------------

585.1142198281235
[1, 10, 12]
---------------------------------------------

526.6668653116349
[1, 10, 11]
---------------------------------------------

565.4535283196689
[1, 9, 14]
---------------------------------------------

800.9936688006418
[1, 9, 13]
---------------------------------------------

694.9045087712276
[1, 9, 12]
---------------------------------------------

616.2678341245922
[1, 9, 11]
---------------------------------------------

687.8091348773071
[1, 8, 14]
---------------------------------------------

1019.2686277746504
[1, 8, 13]
---------------------------------------------

831.5013986222051
[1, 8, 12]
---------------------------------------------

733.3547762578283
[1, 8, 11]
---------------------------------------------

649.2143534875847
[1, 7, 13]
---------------------------------------------

620.73313918774
[1, 7, 10]
---------------------------------------------

730.6144280604724
[1, 7, 9]
---------------------------------------------

867.1649359866535
[1, 7, 8]
---------------------------------------------

735.0985743689208
[1, 6, 14]
---------------------------------------------

783.2583049645275
[1, 6, 13]
---------------------------------------------

709.8283633901129
[1, 6, 12]
---------------------------------------------

812.8708726418573
[1, 6, 11]
---------------------------------------------

731.0582890451718
[1, 6, 7]
---------------------------------------------

787.9496062199032
[1, 5, 14]
---------------------------------------------

857.0624980634391
[1, 5, 13]
---------------------------------------------

756.8466931947061
[1, 5, 12]
---------------------------------------------

865.7882069253722
[1, 5, 11]
---------------------------------------------

777.1816449578346
[1, 5, 7]
---------------------------------------------

323.7325655772993
[1, 4, 13]
---------------------------------------------

441.6527524230078
[1, 4, 10]
---------------------------------------------

545.2901431934239
[1, 4, 9]
---------------------------------------------

674.4210056903336
[1, 4, 8]
---------------------------------------------

668.725427449089
[1, 4, 6]
---------------------------------------------

720.6490995907561
[1, 4, 5]
---------------------------------------------

351.8115559285671
[1, 3, 13]
---------------------------------------------

452.5616219039385
[1, 3, 10]
---------------------------------------------

559.2257318770648
[1, 3, 9]
---------------------------------------------

691.3359385308482
[1, 3, 8]
---------------------------------------------

656.9693526540988
[1, 3, 6]
---------------------------------------------

708.0466598384954
[1, 3, 5]
---------------------------------------------

Minimum losses for current step: 192.84760353979195