42.828741928302186
[12, 13, 14]
---------------------------------------------

50.091189107323935
[11, 12, 13]
---------------------------------------------

45.221963960272895
[10, 12, 14]
---------------------------------------------

59.811539365035955
[10, 12, 13]
---------------------------------------------

51.28077419407683
[10, 11, 12]
---------------------------------------------

48.74452180397592
[9, 12, 14]
---------------------------------------------

72.0447919173941
[9, 12, 13]
---------------------------------------------

54.01305307815737
[9, 11, 12]
---------------------------------------------

53.840015725656315
[8, 12, 14]
---------------------------------------------

86.8723649671189
[8, 12, 13]
---------------------------------------------

58.30644393948912
[8, 11, 12]
---------------------------------------------

47.439100902674745
[7, 13, 14]
---------------------------------------------

55.242230085072656
[7, 11, 13]
---------------------------------------------

48.842219244359214
[7, 10, 14]
---------------------------------------------

65.51235544472182
[7, 10, 13]
---------------------------------------------

55.93949115715903
[7, 10, 11]
---------------------------------------------

51.86205190718945
[7, 9, 14]
---------------------------------------------

78.3061142082076
[7, 9, 13]
---------------------------------------------

58.17399071376902
[7, 9, 11]
---------------------------------------------

56.44791232829074
[7, 8, 14]
---------------------------------------------

93.70668217021044
[7, 8, 13]
---------------------------------------------

61.96280104539034
[7, 8, 11]
---------------------------------------------

61.039819718811955
[6, 13, 14]
---------------------------------------------

50.207353815732326
[6, 12, 14]
---------------------------------------------

69.94331085192418
[6, 11, 13]
---------------------------------------------

55.21835941115989
[6, 11, 12]
---------------------------------------------

79.16597148087577
[6, 10, 14]
---------------------------------------------

81.33231394330983
[6, 10, 13]
---------------------------------------------

98.36473642124548
[6, 10, 12]
---------------------------------------------

79.26014485834516
[6, 10, 11]
---------------------------------------------

91.54899474460395
[6, 9, 14]
---------------------------------------------

95.26678373818494
[6, 9, 13]
---------------------------------------------

115.84147518603308
[6, 9, 12]
---------------------------------------------

90.78540150564238
[6, 9, 11]
---------------------------------------------

106.22718441282629
[6, 8, 14]
---------------------------------------------

111.86826672627464
[6, 8, 13]
---------------------------------------------

136.0681363014886
[6, 8, 12]
---------------------------------------------

104.58343077186703
[6, 8, 11]
---------------------------------------------

51.86136963259378
[6, 7, 14]
---------------------------------------------

58.17356200842175
[6, 7, 11]
---------------------------------------------

90.81799745025242
[6, 7, 10]
---------------------------------------------

107.10632449316705
[6, 7, 9]
---------------------------------------------

126.08457932838873
[6, 7, 8]
---------------------------------------------

70.06077174893936
[5, 13, 14]
---------------------------------------------

55.52927693476292
[5, 12, 14]
---------------------------------------------

79.52482287221693
[5, 11, 13]
---------------------------------------------

59.769758456821826
[5, 11, 12]
---------------------------------------------

90.38854679868638
[5, 10, 14]
---------------------------------------------

91.483816118777
[5, 10, 13]
---------------------------------------------

116.0494151429669
[5, 10, 12]
---------------------------------------------

89.93916753694572
[5, 10, 11]
---------------------------------------------

103.90309593950712
[5, 9, 14]
---------------------------------------------

105.99938735058369
[5, 9, 13]
---------------------------------------------

135.36622772820343
[5, 9, 12]
---------------------------------------------

102.58314397289978
[5, 9, 11]
---------------------------------------------

119.77441369886434
[5, 8, 14]
---------------------------------------------

123.20315478176785
[5, 8, 13]
---------------------------------------------

157.48756645440938
[5, 8, 12]
---------------------------------------------

117.52451609680753
[5, 8, 11]
---------------------------------------------

56.20428797976085
[5, 7, 14]
---------------------------------------------

61.75597591535098
[5, 7, 11]
---------------------------------------------

107.09203786297428
[5, 7, 10]
---------------------------------------------

125.16214524031349
[5, 7, 9]
---------------------------------------------

145.9965058539684
[5, 7, 8]
---------------------------------------------

37.413048106003
[4, 12, 13]
---------------------------------------------

44.56116531020505
[4, 10, 12]
---------------------------------------------

51.20983863489727
[4, 9, 12]
---------------------------------------------

59.47875668309427
[4, 8, 12]
---------------------------------------------

40.028572824345595
[4, 7, 13]
---------------------------------------------

44.22363588834593
[4, 7, 10]
---------------------------------------------

50.34974203250337
[4, 7, 9]
---------------------------------------------

58.08878170357042
[4, 7, 8]
---------------------------------------------

49.56981300207059
[4, 6, 13]
---------------------------------------------

53.69689055033954
[4, 6, 12]
---------------------------------------------

97.20692363034514
[4, 6, 10]
---------------------------------------------

113.10135198638382
[4, 6, 9]
---------------------------------------------

131.3902025380177
[4, 6, 8]
---------------------------------------------

50.347506104439276
[4, 6, 7]
---------------------------------------------

56.522820274878946
[4, 5, 13]
---------------------------------------------

62.06749265661281
[4, 5, 12]
---------------------------------------------

110.68009904838726
[4, 5, 10]
---------------------------------------------

127.76329707448467
[4, 5, 9]
---------------------------------------------

147.26912522230913
[4, 5, 8]
---------------------------------------------

57.699007153854744
[4, 5, 7]
---------------------------------------------

48.020122689498564
[3, 12, 13]
---------------------------------------------

57.65964337528652
[3, 10, 12]
---------------------------------------------

65.94876962019887
[3, 9, 12]
---------------------------------------------

75.88320090962512
[3, 8, 12]
---------------------------------------------

49.67213432962737
[3, 7, 13]
---------------------------------------------

55.332239596537406
[3, 7, 10]
---------------------------------------------

63.08824006206097
[3, 7, 9]
---------------------------------------------

72.48203331595266
[3, 7, 8]
---------------------------------------------

57.25290310036501
[3, 6, 13]
---------------------------------------------

68.97660276364235
[3, 6, 12]
---------------------------------------------

117.49083162631369
[3, 6, 10]
---------------------------------------------

135.29381516563444
[3, 6, 9]
---------------------------------------------

155.5441600362167
[3, 6, 8]
---------------------------------------------

63.084850656592636
[3, 6, 7]
---------------------------------------------

63.20733747523575
[3, 5, 13]
---------------------------------------------

78.94731960799885
[3, 5, 12]
---------------------------------------------

132.2007647505651
[3, 5, 10]
---------------------------------------------

151.22314464890735
[3, 5, 9]
---------------------------------------------

172.72229528550798
[3, 5, 8]
---------------------------------------------

72.0152209724787
[3, 5, 7]
---------------------------------------------

77.70839616733319
[2, 13, 14]
---------------------------------------------

97.20594222915852
[2, 12, 13]
---------------------------------------------

92.02706618578401
[2, 11, 13]
---------------------------------------------

90.70664006283631
[2, 10, 14]
---------------------------------------------

109.56073816068884
[2, 10, 13]
---------------------------------------------

112.1563216577373
[2, 10, 12]
---------------------------------------------

99.10022411650745
[2, 10, 11]
---------------------------------------------

99.64410429824545
[2, 9, 14]
---------------------------------------------

130.44460096306972
[2, 9, 13]
---------------------------------------------

123.95086125451239
[2, 9, 12]
---------------------------------------------

107.78348414360445
[2, 9, 11]
---------------------------------------------

110.20712795491472
[2, 8, 14]
---------------------------------------------

154.83731305004625
[2, 8, 13]
---------------------------------------------

137.44805499970104
[2, 8, 12]
---------------------------------------------

118.1116379299804
[2, 8, 11]
---------------------------------------------

114.99205136803293
[2, 7, 13]
---------------------------------------------

124.61002734358719
[2, 7, 10]
---------------------------------------------

136.7714895322133
[2, 7, 9]
---------------------------------------------

150.64240856633876
[2, 7, 8]
---------------------------------------------

147.3110516933053
[2, 6, 14]
---------------------------------------------

160.04679804035365
[2, 6, 13]
---------------------------------------------

128.14338224664678
[2, 6, 12]
---------------------------------------------

160.5884507574025
[2, 6, 11]
---------------------------------------------

136.7637971967106
[2, 6, 7]
---------------------------------------------

163.6165908456199
[2, 5, 14]
---------------------------------------------

185.90556759930047
[2, 5, 13]
---------------------------------------------

141.53870446947593
[2, 5, 12]
---------------------------------------------

176.74590505600185
[2, 5, 11]
---------------------------------------------

149.96578465895436
[2, 5, 7]
---------------------------------------------

51.81769850480933
[2, 4, 13]
---------------------------------------------

77.37661193415917
[2, 4, 10]
---------------------------------------------

87.28428868754135
[2, 4, 9]
---------------------------------------------

98.85804662752756
[2, 4, 8]
---------------------------------------------

116.68581305037978
[2, 4, 6]
---------------------------------------------

131.60241615468007
[2, 4, 5]
---------------------------------------------

55.60143915823714
[2, 3, 13]
---------------------------------------------

81.5760053816944
[2, 3, 10]
---------------------------------------------

92.05416421090958
[2, 3, 9]
---------------------------------------------

104.20859337298388
[2, 3, 8]
---------------------------------------------

112.93719675336209
[2, 3, 6]
---------------------------------------------

127.27678659335044
[2, 3, 5]
---------------------------------------------

102.86917249995528
[1, 13, 14]
---------------------------------------------

136.62040001246265
[1, 12, 13]
---------------------------------------------

119.5620659375945
[1, 11, 13]
---------------------------------------------

118.15268260342995
[1, 10, 14]
---------------------------------------------

139.55035418008947
[1, 10, 13]
---------------------------------------------

154.41147821876442
[1, 10, 12]
---------------------------------------------

127.78389325683688
[1, 10, 11]
---------------------------------------------

128.22422663705655
[1, 9, 14]
---------------------------------------------

162.96265900898075
[1, 9, 13]
---------------------------------------------

168.08391168084248
[1, 9, 12]
---------------------------------------------

137.62939943115435
[1, 9, 11]
---------------------------------------------

139.9617819826194
[1, 8, 14]
---------------------------------------------

189.6220094073509
[1, 8, 13]
---------------------------------------------

183.48976915852737
[1, 8, 12]
---------------------------------------------

149.1365980745338
[1, 8, 11]
---------------------------------------------

158.67395310217253
[1, 7, 13]
---------------------------------------------

170.0077621486929
[1, 7, 10]
---------------------------------------------

183.89920191327005
[1, 7, 9]
---------------------------------------------

199.02022266038412
[1, 7, 8]
---------------------------------------------

192.28505263672008
[1, 6, 14]
---------------------------------------------

209.09502797067208
[1, 6, 13]
---------------------------------------------

172.9040863656471
[1, 6, 12]
---------------------------------------------

205.99022728710366
[1, 6, 11]
---------------------------------------------

183.88955952812844
[1, 6, 7]
---------------------------------------------

210.08824199971824
[1, 5, 14]
---------------------------------------------

236.87957793368196
[1, 5, 13]
---------------------------------------------

188.13396534539078
[1, 5, 12]
---------------------------------------------

223.63564907015993
[1, 5, 11]
---------------------------------------------

198.29015275229543
[1, 5, 7]
---------------------------------------------

68.32945162823049
[1, 4, 13]
---------------------------------------------

100.33370638451863
[1, 4, 10]
---------------------------------------------

111.382620174659
[1, 4, 9]
---------------------------------------------

124.11368640510403
[1, 4, 8]
---------------------------------------------

154.8845170481704
[1, 4, 6]
---------------------------------------------

172.17408229642712
[1, 4, 5]
---------------------------------------------

68.04715833577264
[1, 3, 13]
---------------------------------------------

102.49808722017288
[1, 3, 10]
---------------------------------------------

114.11246272778699
[1, 3, 9]
---------------------------------------------

127.46235778033638
[1, 3, 8]
---------------------------------------------

147.6983237380255
[1, 3, 6]
---------------------------------------------

164.3629242917562
[1, 3, 5]
---------------------------------------------

Minimum losses for current step: 37.413048106003