180.62208565682118
[12, 13, 14]
---------------------------------------------

216.38051919784505
[11, 12, 13]
---------------------------------------------

177.00431296777595
[10, 12, 14]
---------------------------------------------

305.38579985848344
[10, 12, 13]
---------------------------------------------

214.59199322906537
[10, 11, 12]
---------------------------------------------

226.71366542369375
[9, 12, 14]
---------------------------------------------

432.3939500678539
[9, 12, 13]
---------------------------------------------

246.17986671017937
[9, 11, 12]
---------------------------------------------

312.81455708803054
[8, 12, 14]
---------------------------------------------

595.5025664333115
[8, 12, 13]
---------------------------------------------

312.80730926310554
[8, 11, 12]
---------------------------------------------

192.6137442138748
[7, 13, 14]
---------------------------------------------

232.68614117430837
[7, 11, 13]
---------------------------------------------

181.49165840646867
[7, 10, 14]
---------------------------------------------

324.7356668384649
[7, 10, 13]
---------------------------------------------

227.24121758676606
[7, 10, 11]
---------------------------------------------

227.1631052232614
[7, 9, 14]
---------------------------------------------

454.6707702701649
[7, 9, 13]
---------------------------------------------

254.97777536193595
[7, 9, 11]
---------------------------------------------

308.93504623929084
[7, 8, 14]
---------------------------------------------

620.3962087854868
[7, 8, 13]
---------------------------------------------

317.48973833450003
[7, 8, 11]
---------------------------------------------

228.11556500997895
[6, 13, 14]
---------------------------------------------

233.87702797315868
[6, 12, 14]
---------------------------------------------

277.02153469639785
[6, 11, 13]
---------------------------------------------

251.50444896053597
[6, 11, 12]
---------------------------------------------

361.16980323047267
[6, 10, 14]
---------------------------------------------

374.81116335037717
[6, 10, 13]
---------------------------------------------

434.5277070005347
[6, 10, 12]
---------------------------------------------

350.97510897088637
[6, 10, 11]
---------------------------------------------

486.6867282761357
[6, 9, 14]
---------------------------------------------

510.9502564051549
[6, 9, 13]
---------------------------------------------

583.7984780813483
[6, 9, 12]
---------------------------------------------

463.7847242047559
[6, 9, 11]
---------------------------------------------

643.7075264788799
[6, 8, 14]
---------------------------------------------

681.9660325303594
[6, 8, 13]
---------------------------------------------

765.834307175969
[6, 8, 12]
---------------------------------------------

609.0970928727637
[6, 8, 11]
---------------------------------------------

226.5171026192385
[6, 7, 14]
---------------------------------------------

254.67924524902784
[6, 7, 11]
---------------------------------------------

410.86029972235906
[6, 7, 10]
---------------------------------------------

555.9549491620257
[6, 7, 9]
---------------------------------------------

734.4930685913299
[6, 7, 8]
---------------------------------------------

251.71876359520655
[5, 13, 14]
---------------------------------------------

259.512081397643
[5, 12, 14]
---------------------------------------------

305.2033350134893
[5, 11, 13]
---------------------------------------------

270.8282593925313
[5, 11, 12]
---------------------------------------------

399.40621249370787
[5, 10, 14]
---------------------------------------------

405.6263689737392
[5, 10, 13]
---------------------------------------------

485.9899761077829
[5, 10, 12]
---------------------------------------------

386.91415882699937
[5, 10, 11]
---------------------------------------------

530.0541972457363
[5, 9, 14]
---------------------------------------------

544.784282753789
[5, 9, 13]
---------------------------------------------

641.8521819717556
[5, 9, 12]
---------------------------------------------

504.46324504662886
[5, 9, 11]
---------------------------------------------

691.2966146094705
[5, 8, 14]
---------------------------------------------

718.1769309564502
[5, 8, 13]
---------------------------------------------

829.8053713449727
[5, 8, 12]
---------------------------------------------

654.0756354605372
[5, 8, 11]
---------------------------------------------

249.3890883916517
[5, 7, 14]
---------------------------------------------

271.32268828942415
[5, 7, 11]
---------------------------------------------

460.32960290743256
[5, 7, 10]
---------------------------------------------

612.2779125760748
[5, 7, 9]
---------------------------------------------

796.9965208900852
[5, 7, 8]
---------------------------------------------

218.49530116436028
[4, 12, 13]
---------------------------------------------

212.3447383413002
[4, 10, 12]
---------------------------------------------

288.2067569653509
[4, 9, 12]
---------------------------------------------

398.1805095963663
[4, 8, 12]
---------------------------------------------

225.21189020570625
[4, 7, 13]
---------------------------------------------

206.02755013708648
[4, 7, 10]
---------------------------------------------

277.5586474725692
[4, 7, 9]
---------------------------------------------

385.25588958026253
[4, 7, 8]
---------------------------------------------

249.80456291952117
[4, 6, 13]
---------------------------------------------

297.9152358446058
[4, 6, 12]
---------------------------------------------

430.4109282962751
[4, 6, 10]
---------------------------------------------

568.2917688270032
[4, 6, 9]
---------------------------------------------

736.6609512389423
[4, 6, 8]
---------------------------------------------

276.3928246034958
[4, 6, 7]
---------------------------------------------

267.7994215996718
[4, 5, 13]
---------------------------------------------

332.69877896993853
[4, 5, 12]
---------------------------------------------

471.3682827014677
[4, 5, 10]
---------------------------------------------

613.7956260995674
[4, 5, 9]
---------------------------------------------

786.704239190857
[4, 5, 8]
---------------------------------------------

308.14457395776714
[4, 5, 7]
---------------------------------------------

274.57838538058724
[3, 12, 13]
---------------------------------------------

267.1014324005578
[3, 10, 12]
---------------------------------------------

353.5977343454502
[3, 9, 12]
---------------------------------------------

467.92313364990133
[3, 8, 12]
---------------------------------------------

278.7988865065294
[3, 7, 13]
---------------------------------------------

255.30030568575708
[3, 7, 10]
---------------------------------------------

338.99924221656516
[3, 7, 9]
---------------------------------------------

450.8569737276644
[3, 7, 8]
---------------------------------------------

298.25775744795175
[3, 6, 13]
---------------------------------------------

363.82967532355883
[3, 6, 12]
---------------------------------------------

487.0704123433842
[3, 6, 10]
---------------------------------------------

630.2775124789416
[3, 6, 9]
---------------------------------------------

803.2624072172225
[3, 6, 8]
---------------------------------------------

337.5305103283804
[3, 6, 7]
---------------------------------------------

313.6063786595012
[3, 5, 13]
---------------------------------------------

400.53194498870823
[3, 5, 12]
---------------------------------------------

529.222098842237
[3, 5, 10]
---------------------------------------------

676.7304260458559
[3, 5, 9]
---------------------------------------------

854.0451136718007
[3, 5, 8]
---------------------------------------------

371.5605913582574
[3, 5, 7]
---------------------------------------------

273.0402595342473
[2, 13, 14]
---------------------------------------------

439.7805694334375
[2, 12, 13]
---------------------------------------------

356.53580455123415
[2, 11, 13]
---------------------------------------------

349.26681067235927
[2, 10, 14]
---------------------------------------------

487.32498053173083
[2, 10, 13]
---------------------------------------------

431.08648888707813
[2, 10, 12]
---------------------------------------------

402.4411317023363
[2, 10, 11]
---------------------------------------------

439.30068974235667
[2, 9, 14]
---------------------------------------------

660.4030121896217
[2, 9, 13]
---------------------------------------------

531.2633334009906
[2, 9, 12]
---------------------------------------------

482.9943955327322
[2, 9, 11]
---------------------------------------------

556.8458013931859
[2, 8, 14]
---------------------------------------------

867.8171249829448
[2, 8, 13]
---------------------------------------------

657.9089181914984
[2, 8, 12]
---------------------------------------------

595.1551220499407
[2, 8, 11]
---------------------------------------------

489.37652440536846
[2, 7, 13]
---------------------------------------------

460.14004853420295
[2, 7, 10]
---------------------------------------------

560.512313227126
[2, 7, 9]
---------------------------------------------

687.4046950700883
[2, 7, 8]
---------------------------------------------

567.1753352626721
[2, 6, 14]
---------------------------------------------

602.0293477480393
[2, 6, 13]
---------------------------------------------

543.4621374935857
[2, 6, 12]
---------------------------------------------

637.4673779238958
[2, 6, 11]
---------------------------------------------

559.835266645446
[2, 6, 7]
---------------------------------------------

612.3534802453598
[2, 5, 14]
---------------------------------------------

664.8967560114944
[2, 5, 13]
---------------------------------------------

584.0993634963614
[2, 5, 12]
---------------------------------------------

682.902530656956
[2, 5, 11]
---------------------------------------------

599.7119636214894
[2, 5, 7]
---------------------------------------------

255.73788720292677
[2, 4, 13]
---------------------------------------------

332.7624047562371
[2, 4, 10]
---------------------------------------------

431.2367593722378
[2, 4, 9]
---------------------------------------------

554.1333376256176
[2, 4, 8]
---------------------------------------------

516.6958896120293
[2, 4, 6]
---------------------------------------------

560.7331640315547
[2, 4, 5]
---------------------------------------------

294.02678875235364
[2, 3, 13]
---------------------------------------------

350.61509053411396
[2, 3, 10]
---------------------------------------------

449.1652996784622
[2, 3, 9]
---------------------------------------------

573.993641244428
[2, 3, 8]
---------------------------------------------

511.728816323228
[2, 3, 6]
---------------------------------------------

554.8589585197577
[2, 3, 5]
---------------------------------------------

338.1704650084747
[1, 13, 14]
---------------------------------------------

546.3273257552097
[1, 12, 13]
---------------------------------------------

431.27588131278407
[1, 11, 13]
---------------------------------------------

426.74555769484255
[1, 10, 14]
---------------------------------------------

571.786152045495
[1, 10, 13]
---------------------------------------------

536.9749083213542
[1, 10, 12]
---------------------------------------------

483.6510353648818
[1, 10, 11]
---------------------------------------------

522.4863512417774
[1, 9, 14]
---------------------------------------------

752.3054038071938
[1, 9, 13]
---------------------------------------------

643.1532753910437
[1, 9, 12]
---------------------------------------------

570.1911912299257
[1, 9, 11]
---------------------------------------------

642.444658675545
[1, 8, 14]
---------------------------------------------

966.9130299518105
[1, 8, 13]
---------------------------------------------

776.4431765492764
[1, 8, 12]
---------------------------------------------

685.4802661052319
[1, 8, 11]
---------------------------------------------

600.7780159424791
[1, 7, 13]
---------------------------------------------

569.413883553757
[1, 7, 10]
---------------------------------------------

675.783106208571
[1, 7, 9]
---------------------------------------------

809.1119046069557
[1, 7, 8]
---------------------------------------------

678.3365390484441
[1, 6, 14]
---------------------------------------------

723.1647124049325
[1, 6, 13]
---------------------------------------------

656.5890071869949
[1, 6, 12]
---------------------------------------------

753.594079141376
[1, 6, 11]
---------------------------------------------

675.8285148949258
[1, 6, 7]
---------------------------------------------

726.5913565572965
[1, 5, 14]
---------------------------------------------

790.5480478288147
[1, 5, 13]
---------------------------------------------

699.5485125172518
[1, 5, 12]
---------------------------------------------

801.981207312464
[1, 5, 11]
---------------------------------------------

717.9990451835042
[1, 5, 7]
---------------------------------------------

298.7057485591551
[1, 4, 13]
---------------------------------------------

404.7191770407499
[1, 4, 10]
---------------------------------------------

505.8603594989804
[1, 4, 9]
---------------------------------------------

632.310618319397
[1, 4, 8]
---------------------------------------------

618.9721322781497
[1, 4, 6]
---------------------------------------------

666.322679423188
[1, 4, 5]
---------------------------------------------

326.11491860848395
[1, 3, 13]
---------------------------------------------

414.510834984112
[1, 3, 10]
---------------------------------------------

518.9794467810387
[1, 3, 9]
---------------------------------------------

648.3506149602708
[1, 3, 8]
---------------------------------------------

608.5776180859065
[1, 3, 6]
---------------------------------------------

655.1514583713367
[1, 3, 5]
---------------------------------------------

Minimum losses for current step: 177.00431296777595