242.46717485448804
[12, 13, 14]
---------------------------------------------

260.6015057906811
[11, 12, 13]
---------------------------------------------

260.5687661179448
[10, 12, 14]
---------------------------------------------

281.41816037697834
[10, 12, 13]
---------------------------------------------

269.5992438362668
[10, 11, 12]
---------------------------------------------

272.08316732782316
[9, 12, 14]
---------------------------------------------

305.0107350184242
[9, 12, 13]
---------------------------------------------

280.2367621850007
[9, 11, 12]
---------------------------------------------

285.2919857860588
[8, 12, 14]
---------------------------------------------

331.2226938357506
[8, 12, 13]
---------------------------------------------

292.5547533720967
[8, 11, 12]
---------------------------------------------

277.20344863773374
[7, 13, 14]
---------------------------------------------

298.33759539310506
[7, 11, 13]
---------------------------------------------

290.1351953578933
[7, 10, 14]
---------------------------------------------

322.21041249295513
[7, 10, 13]
---------------------------------------------

304.76551167906615
[7, 10, 11]
---------------------------------------------

299.0220149262279
[7, 9, 14]
---------------------------------------------

348.2029382072759
[7, 9, 13]
---------------------------------------------

312.80299658108765
[7, 9, 11]
---------------------------------------------

309.56503183352027
[7, 8, 14]
---------------------------------------------

375.70782509656135
[7, 8, 13]
---------------------------------------------

322.4834060957899
[7, 8, 11]
---------------------------------------------

453.7436997401615
[6, 13, 14]
---------------------------------------------

294.34175967981923
[6, 12, 14]
---------------------------------------------

478.3248993130491
[6, 11, 13]
---------------------------------------------

300.9703902692812
[6, 11, 12]
---------------------------------------------

507.6652293988442
[6, 10, 14]
---------------------------------------------

504.72442689177166
[6, 10, 13]
---------------------------------------------

643.8386672781992
[6, 10, 12]
---------------------------------------------

505.4010728912075
[6, 10, 11]
---------------------------------------------

537.1777925554331
[6, 9, 14]
---------------------------------------------

532.8935639044461
[6, 9, 13]
---------------------------------------------

681.8655428844667
[6, 9, 12]
---------------------------------------------

534.2643854335481
[6, 9, 11]
---------------------------------------------

568.2764568271026
[6, 8, 14]
---------------------------------------------

562.9270392525268
[6, 8, 13]
---------------------------------------------

721.5369765964364
[6, 8, 12]
---------------------------------------------

564.6225442167328
[6, 8, 11]
---------------------------------------------

299.36965864621595
[6, 7, 14]
---------------------------------------------

313.0929400040909
[6, 7, 11]
---------------------------------------------

566.5896411166464
[6, 7, 10]
---------------------------------------------

602.1496647859983
[6, 7, 9]
---------------------------------------------

639.4354681521502
[6, 7, 8]
---------------------------------------------

580.8962980448481
[5, 13, 14]
---------------------------------------------

382.8527377849904
[5, 12, 14]
---------------------------------------------

606.5727515602267
[5, 11, 13]
---------------------------------------------

385.0912967667021
[5, 11, 12]
---------------------------------------------

641.2611863216488
[5, 10, 14]
---------------------------------------------

634.3197572850182
[5, 10, 13]
---------------------------------------------

833.656861218701
[5, 10, 12]
---------------------------------------------

637.0310154667167
[5, 10, 11]
---------------------------------------------

674.016841116093
[5, 9, 14]
---------------------------------------------

664.0688426763473
[5, 9, 13]
---------------------------------------------

875.5736554832913
[5, 9, 12]
---------------------------------------------

669.1994608345991
[5, 9, 11]
---------------------------------------------

708.3913007736327
[5, 8, 14]
---------------------------------------------

695.7402508880809
[5, 8, 13]
---------------------------------------------

918.9661530287415
[5, 8, 12]
---------------------------------------------

703.0056477168116
[5, 8, 11]
---------------------------------------------

361.8603782455092
[5, 7, 14]
---------------------------------------------

371.4888766423537
[5, 7, 11]
---------------------------------------------

742.5324150494758
[5, 7, 10]
---------------------------------------------

781.9473774622278
[5, 7, 9]
---------------------------------------------

822.9033123982556
[5, 7, 8]
---------------------------------------------

191.28222897227764
[4, 12, 13]
---------------------------------------------

287.5957244489297
[4, 10, 12]
---------------------------------------------

306.6914226256419
[4, 9, 12]
---------------------------------------------

327.6062580671545
[4, 8, 12]
---------------------------------------------

203.5159446298867
[4, 7, 13]
---------------------------------------------

272.3420230909195
[4, 7, 10]
---------------------------------------------

288.563031300785
[4, 7, 9]
---------------------------------------------

306.55889574545523
[4, 7, 8]
---------------------------------------------

335.8414915333433
[4, 6, 13]
---------------------------------------------

342.5074892889268
[4, 6, 12]
---------------------------------------------

582.7267880130165
[4, 6, 10]
---------------------------------------------

616.6007047325908
[4, 6, 9]
---------------------------------------------

652.0518715298562
[4, 6, 8]
---------------------------------------------

289.6121280704617
[4, 6, 7]
---------------------------------------------

451.9700573407707
[4, 5, 13]
---------------------------------------------

457.6851899440637
[4, 5, 12]
---------------------------------------------

729.1369037358851
[4, 5, 10]
---------------------------------------------

766.1646205021125
[4, 5, 9]
---------------------------------------------

804.683672795826
[4, 5, 8]
---------------------------------------------

387.5351818598219
[4, 5, 7]
---------------------------------------------

229.1506734026218
[3, 12, 13]
---------------------------------------------

364.8687467222067
[3, 10, 12]
---------------------------------------------

386.43684164993635
[3, 9, 12]
---------------------------------------------

409.7741650028657
[3, 8, 12]
---------------------------------------------

230.9908748172241
[3, 7, 13]
---------------------------------------------

330.1618372872303
[3, 7, 10]
---------------------------------------------

349.5005711314594
[3, 7, 9]
---------------------------------------------

370.60466614038637
[3, 7, 8]
---------------------------------------------

340.54020058453045
[3, 6, 13]
---------------------------------------------

424.3346170891769
[3, 6, 12]
---------------------------------------------

657.8551941689783
[3, 6, 10]
---------------------------------------------

693.2720543523949
[3, 6, 9]
---------------------------------------------

730.1984858697072
[3, 6, 8]
---------------------------------------------

351.00878828432616
[3, 6, 7]
---------------------------------------------

449.0166471215507
[3, 5, 13]
---------------------------------------------

546.0103683149142
[3, 5, 12]
---------------------------------------------

807.79151618699
[3, 5, 10]
---------------------------------------------

846.1720753781772
[3, 5, 9]
---------------------------------------------

885.9815870064001
[3, 5, 8]
---------------------------------------------

458.94217784739675
[3, 5, 7]
---------------------------------------------

511.56170797259495
[2, 13, 14]
---------------------------------------------

420.7719593028929
[2, 12, 13]
---------------------------------------------

544.419312759754
[2, 11, 13]
---------------------------------------------

550.8957589283972
[2, 10, 14]
---------------------------------------------

579.5712357385494
[2, 10, 13]
---------------------------------------------

608.1550084825243
[2, 10, 12]
---------------------------------------------

564.47813131162
[2, 10, 11]
---------------------------------------------

573.1004871941105
[2, 9, 14]
---------------------------------------------

616.8751266421631
[2, 9, 13]
---------------------------------------------

634.2683097416858
[2, 9, 12]
---------------------------------------------

586.2103111786673
[2, 9, 11]
---------------------------------------------

597.0730876290822
[2, 8, 14]
---------------------------------------------

656.2049838332575
[2, 8, 13]
---------------------------------------------

661.7469936884203
[2, 8, 12]
---------------------------------------------

609.7177641430306
[2, 8, 11]
---------------------------------------------

547.4001027241935
[2, 7, 13]
---------------------------------------------

703.9910422664201
[2, 7, 10]
---------------------------------------------

730.1173930784653
[2, 7, 9]
---------------------------------------------

757.5871582560025
[2, 7, 8]
---------------------------------------------

764.0583100991784
[2, 6, 14]
---------------------------------------------

917.2532457030403
[2, 6, 13]
---------------------------------------------

673.2910070184932
[2, 6, 12]
---------------------------------------------

782.6928775208299
[2, 6, 11]
---------------------------------------------

730.0414912568157
[2, 6, 7]
---------------------------------------------

916.8271653308686
[2, 5, 14]
---------------------------------------------

1149.085358547518
[2, 5, 13]
---------------------------------------------

812.6162356946579
[2, 5, 12]
---------------------------------------------

935.4449707570445
[2, 5, 11]
---------------------------------------------

862.7171322085856
[2, 5, 7]
---------------------------------------------

331.58125989608504
[2, 4, 13]
---------------------------------------------

499.45330792390047
[2, 4, 10]
---------------------------------------------

523.487749643995
[2, 4, 9]
---------------------------------------------

548.9198815882261
[2, 4, 8]
---------------------------------------------

659.9908811869993
[2, 4, 6]
---------------------------------------------

810.5930646457465
[2, 4, 5]
---------------------------------------------

311.16573546132804
[2, 3, 13]
---------------------------------------------

510.9152519044694
[2, 3, 10]
---------------------------------------------

536.2854780608715
[2, 3, 9]
---------------------------------------------

562.5266050381813
[2, 3, 8]
---------------------------------------------

641.3142938810563
[2, 3, 6]
---------------------------------------------

789.2280844066145
[2, 3, 5]
---------------------------------------------

634.4963593174391
[1, 13, 14]
---------------------------------------------

558.1548675212048
[1, 12, 13]
---------------------------------------------

670.2384298104414
[1, 11, 13]
---------------------------------------------

677.6938214884498
[1, 10, 14]
---------------------------------------------

708.160835718394
[1, 10, 13]
---------------------------------------------

770.6531680621797
[1, 10, 12]
---------------------------------------------

692.1960667384377
[1, 10, 11]
---------------------------------------------

701.2353180216107
[1, 9, 14]
---------------------------------------------

748.1425627461481
[1, 9, 13]
---------------------------------------------

798.7693578202934
[1, 9, 12]
---------------------------------------------

715.6171512573491
[1, 9, 11]
---------------------------------------------

726.0109764948182
[1, 8, 14]
---------------------------------------------

790.0502782236201
[1, 8, 13]
---------------------------------------------

828.210013276805
[1, 8, 12]
---------------------------------------------

740.06309879013
[1, 8, 11]
---------------------------------------------

704.8382527617196
[1, 7, 13]
---------------------------------------------

877.6110396636806
[1, 7, 10]
---------------------------------------------

905.5587861146572
[1, 7, 9]
---------------------------------------------

934.8120728068083
[1, 7, 8]
---------------------------------------------

931.9861349202406
[1, 6, 14]
---------------------------------------------

1105.1034238735972
[1, 6, 13]
---------------------------------------------

837.9513805030323
[1, 6, 12]
---------------------------------------------

951.7797664317224
[1, 6, 11]
---------------------------------------------

904.2913734895304
[1, 6, 7]
---------------------------------------------

1094.7437107906005
[1, 5, 14]
---------------------------------------------

1348.3105344353446
[1, 5, 13]
---------------------------------------------

985.0312068347852
[1, 5, 12]
---------------------------------------------

1114.4234706986551
[1, 5, 11]
---------------------------------------------

1044.44160988495
[1, 5, 7]
---------------------------------------------

433.2338953382188
[1, 4, 13]
---------------------------------------------

612.8027721131111
[1, 4, 10]
---------------------------------------------

638.4482536263239
[1, 4, 9]
---------------------------------------------

665.4679577748162
[1, 4, 8]
---------------------------------------------

815.6354004454996
[1, 4, 6]
---------------------------------------------

977.1638864612963
[1, 4, 5]
---------------------------------------------

395.1728219333803
[1, 3, 13]
---------------------------------------------

617.2761896181956
[1, 3, 10]
---------------------------------------------

643.7681426209449
[1, 3, 9]
---------------------------------------------

671.6154916749821
[1, 3, 8]
---------------------------------------------

788.7701180043963
[1, 3, 6]
---------------------------------------------

948.1871322372182
[1, 3, 5]
---------------------------------------------

Minimum losses for current step: 191.28222897227764