173.66841181974664
[12, 13, 14]
---------------------------------------------

206.92278206434077
[11, 12, 13]
---------------------------------------------

168.96654824914728
[10, 12, 14]
---------------------------------------------

294.1440228267214
[10, 12, 13]
---------------------------------------------

204.6064625008281
[10, 11, 12]
---------------------------------------------

218.0815645087542
[9, 12, 14]
---------------------------------------------

419.5373658203919
[9, 12, 13]
---------------------------------------------

235.63402310182042
[9, 11, 12]
---------------------------------------------

303.54524896222847
[8, 12, 14]
---------------------------------------------

581.2561768073294
[8, 12, 13]
---------------------------------------------

301.6581350991263
[8, 11, 12]
---------------------------------------------

184.79506094907555
[7, 13, 14]
---------------------------------------------

222.17799592274886
[7, 11, 13]
---------------------------------------------

172.86958609823157
[7, 10, 14]
---------------------------------------------

312.3752665628557
[7, 10, 13]
---------------------------------------------

216.3420431641519
[7, 10, 11]
---------------------------------------------

218.0357113749871
[7, 9, 14]
---------------------------------------------

440.61486473357127
[7, 9, 13]
---------------------------------------------

243.6625010368597
[7, 9, 11]
---------------------------------------------

299.3944009244615
[7, 8, 14]
---------------------------------------------

604.878629802599
[7, 8, 13]
---------------------------------------------

305.72544477595187
[7, 8, 11]
---------------------------------------------

217.70761957291984
[6, 13, 14]
---------------------------------------------

224.88403544851022
[6, 12, 14]
---------------------------------------------

263.539636533045
[6, 11, 13]
---------------------------------------------

240.68266073756564
[6, 11, 12]
---------------------------------------------

345.9882056052387
[6, 10, 14]
---------------------------------------------

359.57384594244724
[6, 10, 13]
---------------------------------------------

416.9001754608628
[6, 10, 12]
---------------------------------------------

335.04302667466055
[6, 10, 11]
---------------------------------------------

469.5034465913963
[6, 9, 14]
---------------------------------------------

493.65305177961505
[6, 9, 13]
---------------------------------------------

564.005512853648
[6, 9, 12]
---------------------------------------------

446.59273260473464
[6, 9, 11]
---------------------------------------------

625.4454383093189
[6, 8, 14]
---------------------------------------------

663.0390523735906
[6, 8, 13]
---------------------------------------------

744.0400161054419
[6, 8, 12]
---------------------------------------------

590.4507568765808
[6, 8, 11]
---------------------------------------------

217.4548344167803
[6, 7, 14]
---------------------------------------------

243.36440283209035
[6, 7, 11]
---------------------------------------------

394.28001433597353
[6, 7, 10]
---------------------------------------------

537.2840269686249
[6, 7, 9]
---------------------------------------------

713.8847544691985
[6, 7, 8]
---------------------------------------------

239.57693004525936
[5, 13, 14]
---------------------------------------------

249.2708834743034
[5, 12, 14]
---------------------------------------------

289.78123726670486
[5, 11, 13]
---------------------------------------------

259.0026723046109
[5, 11, 12]
---------------------------------------------

382.2085880659232
[5, 10, 14]
---------------------------------------------

388.4290051504088
[5, 10, 13]
---------------------------------------------

465.6444679353371
[5, 10, 12]
---------------------------------------------

369.3028870498581
[5, 10, 11]
---------------------------------------------

510.9224813173536
[5, 9, 14]
---------------------------------------------

525.5890518513453
[5, 9, 13]
---------------------------------------------

619.1982764746591
[5, 9, 12]
---------------------------------------------

485.1401366918635
[5, 9, 11]
---------------------------------------------

670.7974895528661
[5, 8, 14]
---------------------------------------------

697.4521989552662
[5, 8, 13]
---------------------------------------------

805.0374734666984
[5, 8, 12]
---------------------------------------------

633.3629963039301
[5, 8, 11]
---------------------------------------------

239.27904318370835
[5, 7, 14]
---------------------------------------------

259.1997797768548
[5, 7, 11]
---------------------------------------------

441.1438611699847
[5, 7, 10]
---------------------------------------------

590.86220356887
[5, 7, 9]
---------------------------------------------

773.493849172372
[5, 7, 8]
---------------------------------------------

211.54695644540587
[4, 12, 13]
---------------------------------------------

203.6293867582313
[4, 10, 12]
---------------------------------------------

277.909910543616
[4, 9, 12]
---------------------------------------------

387.23175954318265
[4, 8, 12]
---------------------------------------------

217.7883028649601
[4, 7, 13]
---------------------------------------------

197.51661165162716
[4, 7, 10]
---------------------------------------------

267.63907930637214
[4, 7, 9]
---------------------------------------------

374.58930992666365
[4, 7, 8]
---------------------------------------------

240.61235171334783
[4, 6, 13]
---------------------------------------------

287.0450542281939
[4, 6, 12]
---------------------------------------------

412.9384532527907
[4, 6, 10]
---------------------------------------------

548.8169225653778
[4, 6, 9]
---------------------------------------------

715.2360117516764
[4, 6, 8]
---------------------------------------------

266.48930513776185
[4, 6, 7]
---------------------------------------------

257.3006740759874
[4, 5, 13]
---------------------------------------------

319.90687293365147
[4, 5, 12]
---------------------------------------------

451.6590735355019
[4, 5, 10]
---------------------------------------------

592.0180177649421
[4, 5, 9]
---------------------------------------------

762.8618395914121
[4, 5, 8]
---------------------------------------------

296.54842985136145
[4, 5, 7]
---------------------------------------------

264.9929067686793
[3, 12, 13]
---------------------------------------------

255.38115418662693
[3, 10, 12]
---------------------------------------------

340.8731268761209
[3, 9, 12]
---------------------------------------------

454.2890772825907
[3, 8, 12]
---------------------------------------------

268.9180964742594
[3, 7, 13]
---------------------------------------------

244.18797609759477
[3, 7, 10]
---------------------------------------------

326.4947274612237
[3, 7, 9]
---------------------------------------------

437.66727354939337
[3, 7, 8]
---------------------------------------------

286.983494201911
[3, 6, 13]
---------------------------------------------

350.4962338572337
[3, 6, 12]
---------------------------------------------

467.0013800752712
[3, 6, 10]
---------------------------------------------

608.1470545010885
[3, 6, 9]
---------------------------------------------

779.1520302260805
[3, 6, 8]
---------------------------------------------

325.0272268285109
[3, 6, 7]
---------------------------------------------

301.22184339326583
[3, 5, 13]
---------------------------------------------

385.3320452598037
[3, 5, 12]
---------------------------------------------

506.86744159956805
[3, 5, 10]
---------------------------------------------

652.2788902818
[3, 5, 9]
---------------------------------------------

827.4944095654262
[3, 5, 8]
---------------------------------------------

357.6813736772849
[3, 5, 7]
---------------------------------------------

259.2900039165432
[2, 13, 14]
---------------------------------------------

422.8591472511419
[2, 12, 13]
---------------------------------------------

340.30432684161707
[2, 11, 13]
---------------------------------------------

332.4038828845612
[2, 10, 14]
---------------------------------------------

468.6225288725998
[2, 10, 13]
---------------------------------------------

411.6024735481062
[2, 10, 12]
---------------------------------------------

384.66540225295864
[2, 10, 11]
---------------------------------------------

420.7073922221344
[2, 9, 14]
---------------------------------------------

639.6999240493276
[2, 9, 13]
---------------------------------------------

510.2871490509431
[2, 9, 12]
---------------------------------------------

463.3918905893671
[2, 9, 11]
---------------------------------------------

537.8367561198194
[2, 8, 14]
---------------------------------------------

845.2730037328129
[2, 8, 13]
---------------------------------------------

635.2614375330894
[2, 8, 12]
---------------------------------------------

574.757570045456
[2, 8, 11]
---------------------------------------------

469.90639873342303
[2, 7, 13]
---------------------------------------------

439.0896822102708
[2, 7, 10]
---------------------------------------------

537.9978773365586
[2, 7, 9]
---------------------------------------------

663.2628842942585
[2, 7, 8]
---------------------------------------------

543.5354059681791
[2, 6, 14]
---------------------------------------------

576.9060772852273
[2, 6, 13]
---------------------------------------------

521.7105563469937
[2, 6, 12]
---------------------------------------------

612.4570178958962
[2, 6, 11]
---------------------------------------------

537.1512369025618
[2, 6, 7]
---------------------------------------------

586.3623697022904
[2, 5, 14]
---------------------------------------------

636.4704877673929
[2, 5, 13]
---------------------------------------------

560.2503603568763
[2, 5, 12]
---------------------------------------------

655.5869173444237
[2, 5, 11]
---------------------------------------------

574.9848782167235
[2, 5, 7]
---------------------------------------------

246.12036332893354
[2, 4, 13]
---------------------------------------------

316.9764658394039
[2, 4, 10]
---------------------------------------------

414.1038684167375
[2, 4, 9]
---------------------------------------------

536.0555370508148
[2, 4, 8]
---------------------------------------------

496.20957458055625
[2, 4, 6]
---------------------------------------------

537.935476747514
[2, 4, 5]
---------------------------------------------

283.0560168782695
[2, 3, 13]
---------------------------------------------

334.8751913949617
[2, 3, 10]
---------------------------------------------

431.9040504719262
[2, 3, 9]
---------------------------------------------

555.067553489541
[2, 3, 8]
---------------------------------------------

491.6406891280387
[2, 3, 6]
---------------------------------------------

532.5098830942602
[2, 3, 5]
---------------------------------------------

320.43214400024726
[1, 13, 14]
---------------------------------------------

524.2202679499287
[1, 12, 13]
---------------------------------------------

410.9834531067344
[1, 11, 13]
---------------------------------------------

405.64627661882884
[1, 10, 14]
---------------------------------------------

548.7124805104153
[1, 10, 13]
---------------------------------------------

512.0379339062395
[1, 10, 12]
---------------------------------------------

461.3993490712053
[1, 10, 11]
---------------------------------------------

500.15390028880097
[1, 9, 14]
---------------------------------------------

727.0710629502755
[1, 9, 13]
---------------------------------------------

616.4252091349423
[1, 9, 12]
---------------------------------------------

546.3057449301092
[1, 9, 11]
---------------------------------------------

618.9421165863067
[1, 8, 14]
---------------------------------------------

939.6933712191294
[1, 8, 13]
---------------------------------------------

747.9177102388732
[1, 8, 12]
---------------------------------------------

660.6355655682165
[1, 8, 11]
---------------------------------------------

575.8720837623825
[1, 7, 13]
---------------------------------------------

542.9254573378896
[1, 7, 10]
---------------------------------------------

647.371444724221
[1, 7, 9]
---------------------------------------------

778.9446486890724
[1, 7, 8]
---------------------------------------------

648.9615597091286
[1, 6, 14]
---------------------------------------------

691.8825540233173
[1, 6, 13]
---------------------------------------------

629.0377507144121
[1, 6, 12]
---------------------------------------------

722.8426403916687
[1, 6, 11]
---------------------------------------------

647.2022252258799
[1, 6, 7]
---------------------------------------------

694.7055678121677
[1, 5, 14]
---------------------------------------------

755.7412993420717
[1, 5, 13]
---------------------------------------------

669.7776451666949
[1, 5, 12]
---------------------------------------------

768.7509200325691
[1, 5, 11]
---------------------------------------------

687.2104011974836
[1, 5, 7]
---------------------------------------------

286.01364859584345
[1, 4, 13]
---------------------------------------------

385.04297747480433
[1, 4, 10]
---------------------------------------------

485.393437868837
[1, 4, 9]
---------------------------------------------

610.4256104172913
[1, 4, 8]
---------------------------------------------

593.1763388033377
[1, 4, 6]
---------------------------------------------

638.0351323020067
[1, 4, 5]
---------------------------------------------

312.8717453220687
[1, 3, 13]
---------------------------------------------

394.9981332920082
[1, 3, 10]
---------------------------------------------

497.94707049228276
[1, 3, 9]
---------------------------------------------

626.0033607229233
[1, 3, 8]
---------------------------------------------

583.4793342806353
[1, 3, 6]
---------------------------------------------

627.6000961578638
[1, 3, 5]
---------------------------------------------

Minimum losses for current step: 168.96654824914728