263.6671331984122
[12, 13, 14]
---------------------------------------------

310.5246734311232
[11, 12, 13]
---------------------------------------------

314.3869355630217
[10, 12, 14]
---------------------------------------------

406.3724791639346
[10, 12, 13]
---------------------------------------------

335.1602285578275
[10, 11, 12]
---------------------------------------------

393.5391269238266
[9, 12, 14]
---------------------------------------------

540.102515750624
[9, 12, 13]
---------------------------------------------

394.71901297180625
[9, 11, 12]
---------------------------------------------

507.5050489296137
[8, 12, 14]
---------------------------------------------

708.7847450020458
[8, 12, 13]
---------------------------------------------

491.38919374856386
[8, 11, 12]
---------------------------------------------

289.10604662639514
[7, 13, 14]
---------------------------------------------

348.2210733243114
[7, 11, 13]
---------------------------------------------

317.8258838859511
[7, 10, 14]
---------------------------------------------

450.6471984334639
[7, 10, 13]
---------------------------------------------

362.1524964352265
[7, 10, 11]
---------------------------------------------

385.0930808332078
[7, 9, 14]
---------------------------------------------

592.3845486960239
[7, 9, 13]
---------------------------------------------

410.40536280984094
[7, 9, 11]
---------------------------------------------

489.61348585796964
[7, 8, 14]
---------------------------------------------

768.6699708382273
[7, 8, 13]
---------------------------------------------

494.95797076829376
[7, 8, 11]
---------------------------------------------

430.66754246940735
[6, 13, 14]
---------------------------------------------

426.23425789388705
[6, 12, 14]
---------------------------------------------

506.47525454560946
[6, 11, 13]
---------------------------------------------

420.87917045603194
[6, 11, 12]
---------------------------------------------

635.9095075540241
[6, 10, 14]
---------------------------------------------

621.4094666300786
[6, 10, 13]
---------------------------------------------

794.2876027597683
[6, 10, 12]
---------------------------------------------

613.27755233747
[6, 10, 11]
---------------------------------------------

788.949230556865
[6, 9, 14]
---------------------------------------------

774.4449302892784
[6, 9, 13]
---------------------------------------------

980.8964984499579
[6, 9, 12]
---------------------------------------------

755.2044645929353
[6, 9, 11]
---------------------------------------------

971.2146200449882
[6, 8, 14]
---------------------------------------------

960.0922902662873
[6, 8, 13]
---------------------------------------------

1194.3784251821655
[6, 8, 12]
---------------------------------------------

927.8307469504555
[6, 8, 11]
---------------------------------------------

384.94951751779007
[6, 7, 14]
---------------------------------------------

410.31892332366533
[6, 7, 11]
---------------------------------------------

713.1797340054662
[6, 7, 10]
---------------------------------------------

890.383383098251
[6, 7, 9]
---------------------------------------------

1095.9886392364845
[6, 7, 8]
---------------------------------------------

540.0209804481917
[5, 13, 14]
---------------------------------------------

534.267372948171
[5, 12, 14]
---------------------------------------------

618.9083994682383
[5, 11, 13]
---------------------------------------------

517.7058374880488
[5, 11, 12]
---------------------------------------------

769.1147688835715
[5, 10, 14]
---------------------------------------------

739.9076106373907
[5, 10, 13]
---------------------------------------------

977.9570690776037
[5, 10, 12]
---------------------------------------------

739.7384514558839
[5, 10, 11]
---------------------------------------------

933.8351648851075
[5, 9, 14]
---------------------------------------------

898.2386317525346
[5, 9, 13]
---------------------------------------------

1177.1415185555861
[5, 9, 12]
---------------------------------------------

894.1259586736347
[5, 9, 11]
---------------------------------------------

1126.777252129278
[5, 8, 14]
---------------------------------------------

1088.979930316941
[5, 8, 13]
---------------------------------------------

1401.5871562239745
[5, 8, 12]
---------------------------------------------

1078.2040152929226
[5, 8, 11]
---------------------------------------------

478.76602623456256
[5, 7, 14]
---------------------------------------------

485.65084073107835
[5, 7, 11]
---------------------------------------------

885.7143220890576
[5, 7, 10]
---------------------------------------------

1076.8034397874976
[5, 7, 9]
---------------------------------------------

1294.8027962240387
[5, 7, 8]
---------------------------------------------

300.3085848579839
[4, 12, 13]
---------------------------------------------

392.93016555581215
[4, 10, 12]
---------------------------------------------

494.29338711547945
[4, 9, 12]
---------------------------------------------

621.5488722987918
[4, 8, 12]
---------------------------------------------

308.5475900738248
[4, 7, 13]
---------------------------------------------

362.07578797581516
[4, 7, 10]
---------------------------------------------

456.5784347910153
[4, 7, 9]
---------------------------------------------

575.7621472809619
[4, 7, 8]
---------------------------------------------

413.01774386822626
[4, 6, 13]
---------------------------------------------

528.8375778297831
[4, 6, 12]
---------------------------------------------

728.6787355915266
[4, 6, 10]
---------------------------------------------

896.3716235950191
[4, 6, 9]
---------------------------------------------

1090.7080495599362
[4, 6, 8]
---------------------------------------------

456.41229130277463
[4, 6, 7]
---------------------------------------------

510.4810650012686
[4, 5, 13]
---------------------------------------------

649.6946681991406
[4, 5, 12]
---------------------------------------------

870.6936379226048
[4, 5, 10]
---------------------------------------------

1048.374253032868
[4, 5, 9]
---------------------------------------------

1252.2615820735712
[4, 5, 8]
---------------------------------------------

564.1394558098146
[4, 5, 7]
---------------------------------------------

366.94952634597684
[3, 12, 13]
---------------------------------------------

472.019569970649
[3, 10, 12]
---------------------------------------------

580.7583368605107
[3, 9, 12]
---------------------------------------------

716.9439654418222
[3, 8, 12]
---------------------------------------------

367.13894997432146
[3, 7, 13]
---------------------------------------------

427.9244511985623
[3, 7, 10]
---------------------------------------------

529.2339203615545
[3, 7, 9]
---------------------------------------------

656.6251685786877
[3, 7, 8]
---------------------------------------------

454.15959667147
[3, 6, 13]
---------------------------------------------

617.1099038206619
[3, 6, 12]
---------------------------------------------

801.2060695156923
[3, 6, 10]
---------------------------------------------

973.6770809455481
[3, 6, 9]
---------------------------------------------

1172.8087774834862
[3, 6, 8]
---------------------------------------------

529.1807136343054
[3, 6, 7]
---------------------------------------------

543.4292441246581
[3, 5, 13]
---------------------------------------------

745.7320328011017
[3, 5, 12]
---------------------------------------------

945.4377315908164
[3, 5, 10]
---------------------------------------------

1128.30742813359
[3, 5, 9]
---------------------------------------------

1336.4694414153523
[3, 5, 8]
---------------------------------------------

644.367843145033
[3, 5, 7]
---------------------------------------------

477.7356226099246
[2, 13, 14]
---------------------------------------------

565.6225422434882
[2, 12, 13]
---------------------------------------------

588.5090192636388
[2, 11, 13]
---------------------------------------------

612.0443640405874
[2, 10, 14]
---------------------------------------------

744.6836822992855
[2, 10, 13]
---------------------------------------------

695.3386879071287
[2, 10, 12]
---------------------------------------------

664.6901710765046
[2, 10, 11]
---------------------------------------------

722.8338952726403
[2, 9, 14]
---------------------------------------------

940.1740333221819
[2, 9, 13]
---------------------------------------------

820.6183204749162
[2, 9, 12]
---------------------------------------------

769.464192715998
[2, 9, 11]
---------------------------------------------

859.6569793264408
[2, 8, 14]
---------------------------------------------

1166.3098107920998
[2, 8, 13]
---------------------------------------------

970.0136422575033
[2, 8, 12]
---------------------------------------------

900.7237136140163
[2, 8, 11]
---------------------------------------------

697.2151531088357
[2, 7, 13]
---------------------------------------------

779.4908474301537
[2, 7, 10]
---------------------------------------------

905.0226272214097
[2, 7, 9]
---------------------------------------------

1055.317037051581
[2, 7, 8]
---------------------------------------------

913.936884636382
[2, 6, 14]
---------------------------------------------

1054.6236821143714
[2, 6, 13]
---------------------------------------------

860.0500038763236
[2, 6, 12]
---------------------------------------------

989.8439249447417
[2, 6, 11]
---------------------------------------------

905.3993093587698
[2, 6, 7]
---------------------------------------------

1066.072326546219
[2, 5, 14]
---------------------------------------------

1271.3504749360086
[2, 5, 13]
---------------------------------------------

1001.1900853949562
[2, 5, 12]
---------------------------------------------

1142.1550833132676
[2, 5, 11]
---------------------------------------------

1041.519947321929
[2, 5, 7]
---------------------------------------------

408.25737520179507
[2, 4, 13]
---------------------------------------------

590.3251804505941
[2, 4, 10]
---------------------------------------------

708.5200875799835
[2, 4, 9]
---------------------------------------------

852.098913391627
[2, 4, 8]
---------------------------------------------

844.5131380444857
[2, 4, 6]
---------------------------------------------

994.2618454432039
[2, 4, 5]
---------------------------------------------

430.6494369548985
[2, 3, 13]
---------------------------------------------

607.538373411656
[2, 3, 10]
---------------------------------------------

728.5255365498101
[2, 3, 9]
---------------------------------------------

874.6033542219274
[2, 3, 8]
---------------------------------------------

833.3854956322815
[2, 3, 6]
---------------------------------------------

980.9501684373016
[2, 3, 5]
---------------------------------------------

574.5582000636522
[1, 13, 14]
---------------------------------------------

695.7615551800228
[1, 12, 13]
---------------------------------------------

695.5929132169119
[1, 11, 13]
---------------------------------------------

719.8241818193242
[1, 10, 14]
---------------------------------------------

861.7518259905329
[1, 10, 13]
---------------------------------------------

837.5486718419673
[1, 10, 12]
---------------------------------------------

777.3240871417637
[1, 10, 11]
---------------------------------------------

835.5234558321118
[1, 9, 14]
---------------------------------------------

1064.4467802556535
[1, 9, 13]
---------------------------------------------

968.7085586007396
[1, 9, 12]
---------------------------------------------

886.9539104845368
[1, 9, 11]
---------------------------------------------

977.5520049696908
[1, 8, 14]
---------------------------------------------

1297.2707693630816
[1, 8, 13]
---------------------------------------------

1124.4107149679535
[1, 8, 12]
---------------------------------------------

1023.3317016882714
[1, 8, 11]
---------------------------------------------

842.4828904668374
[1, 7, 13]
---------------------------------------------

930.5677168721298
[1, 7, 10]
---------------------------------------------

1062.3228642014979
[1, 7, 9]
---------------------------------------------

1218.341599499391
[1, 7, 8]
---------------------------------------------

1065.1072719016236
[1, 6, 14]
---------------------------------------------

1223.1414778515154
[1, 6, 13]
---------------------------------------------

1009.8628938346975
[1, 6, 12]
---------------------------------------------

1145.5363371074225
[1, 6, 11]
---------------------------------------------

1062.740289318144
[1, 6, 7]
---------------------------------------------

1224.5206941567142
[1, 5, 14]
---------------------------------------------

1448.2071209729825
[1, 5, 13]
---------------------------------------------

1156.5484651039533
[1, 5, 12]
---------------------------------------------

1304.6508704825098
[1, 5, 11]
---------------------------------------------

1204.1234265148362
[1, 5, 7]
---------------------------------------------

487.3985534714294
[1, 4, 13]
---------------------------------------------

688.612229266146
[1, 4, 10]
---------------------------------------------

811.8074930869786
[1, 4, 9]
---------------------------------------------

960.7095138414998
[1, 4, 8]
---------------------------------------------

986.1082627875761
[1, 4, 6]
---------------------------------------------

1143.9113856310728
[1, 4, 5]
---------------------------------------------

493.929094837458
[1, 3, 13]
---------------------------------------------

700.0845635098848
[1, 3, 10]
---------------------------------------------

826.1596515902556
[1, 3, 9]
---------------------------------------------

977.6381148304578
[1, 3, 8]
---------------------------------------------

968.9557561485034
[1, 3, 6]
---------------------------------------------

1124.9630208195006
[1, 3, 5]
---------------------------------------------

Minimum losses for current step: 263.6671331984122