61.42384931031671
[12, 13, 14]
---------------------------------------------

70.64256909418395
[11, 12, 13]
---------------------------------------------

64.64994910073642
[10, 12, 14]
---------------------------------------------

82.3566418740302
[10, 12, 13]
---------------------------------------------

72.24622811639601
[10, 11, 12]
---------------------------------------------

68.59641486304115
[9, 12, 14]
---------------------------------------------

96.62718098815685
[9, 12, 13]
---------------------------------------------

75.39784369020846
[9, 11, 12]
---------------------------------------------

74.12232209345066
[8, 12, 14]
---------------------------------------------

113.57899839289242
[8, 12, 13]
---------------------------------------------

80.11698198716886
[8, 11, 12]
---------------------------------------------

68.26680887485352
[7, 13, 14]
---------------------------------------------

78.15588790640588
[7, 11, 13]
---------------------------------------------

70.28956682519687
[7, 10, 14]
---------------------------------------------

90.55168112179737
[7, 10, 13]
---------------------------------------------

79.1612013345756
[7, 10, 11]
---------------------------------------------

73.6250108153275
[7, 9, 14]
---------------------------------------------

105.51732786582349
[7, 9, 13]
---------------------------------------------

81.70782268485063
[7, 9, 11]
---------------------------------------------

78.5314850963543
[7, 8, 14]
---------------------------------------------

123.18804331161644
[7, 8, 13]
---------------------------------------------

85.81368399160512
[7, 8, 11]
---------------------------------------------

88.44553754804872
[6, 13, 14]
---------------------------------------------

70.56053620402403
[6, 12, 14]
---------------------------------------------

99.70400599975456
[6, 11, 13]
---------------------------------------------

77.046311622208
[6, 11, 12]
---------------------------------------------

110.80285380675438
[6, 10, 14]
---------------------------------------------

113.4923885211466
[6, 10, 13]
---------------------------------------------

137.54591873838575
[6, 10, 12]
---------------------------------------------

111.13680667229241
[6, 10, 11]
---------------------------------------------

125.3568169189339
[6, 9, 14]
---------------------------------------------

129.92249144629682
[6, 9, 13]
---------------------------------------------

158.36792348781523
[6, 9, 12]
---------------------------------------------

124.81643774175666
[6, 9, 11]
---------------------------------------------

142.30514744272025
[6, 8, 14]
---------------------------------------------

149.02482661470728
[6, 8, 13]
---------------------------------------------

182.03295781859484
[6, 8, 12]
---------------------------------------------

140.8642658034378
[6, 8, 11]
---------------------------------------------

73.62774188953732
[6, 7, 14]
---------------------------------------------

81.7096076172036
[6, 7, 11]
---------------------------------------------

126.75670711723346
[6, 7, 10]
---------------------------------------------

146.05621672873383
[6, 7, 9]
---------------------------------------------

168.1492789325607
[6, 7, 8]
---------------------------------------------

101.83701888940814
[5, 13, 14]
---------------------------------------------

77.81183010949171
[5, 12, 14]
---------------------------------------------

113.79590242515135
[5, 11, 13]
---------------------------------------------

83.35705040115684
[5, 11, 12]
---------------------------------------------

126.92838308682617
[5, 10, 14]
---------------------------------------------

128.3355751228974
[5, 10, 13]
---------------------------------------------

163.22416615783686
[5, 10, 12]
---------------------------------------------

126.59165913666799
[5, 10, 11]
---------------------------------------------

142.94051460380942
[5, 9, 14]
---------------------------------------------

145.4666835962458
[5, 9, 13]
---------------------------------------------

186.37234113433686
[5, 9, 12]
---------------------------------------------

141.71095148975442
[5, 9, 11]
---------------------------------------------

161.29537694993093
[5, 8, 14]
---------------------------------------------

165.31585848256384
[5, 8, 13]
---------------------------------------------

212.18286207745854
[5, 8, 12]
---------------------------------------------

159.14900381625225
[5, 8, 11]
---------------------------------------------

79.4355605332298
[5, 7, 14]
---------------------------------------------

86.59169609878619
[5, 7, 11]
---------------------------------------------

150.25173502556282
[5, 7, 10]
---------------------------------------------

171.819888007562
[5, 7, 9]
---------------------------------------------

196.24951911989552
[5, 7, 8]
---------------------------------------------

50.7366705208137
[4, 12, 13]
---------------------------------------------

61.76730878071762
[4, 10, 12]
---------------------------------------------

69.54460946078237
[4, 9, 12]
---------------------------------------------

78.95951666539817
[4, 8, 12]
---------------------------------------------

54.602560621723335
[4, 7, 13]
---------------------------------------------

61.52462426522998
[4, 7, 10]
---------------------------------------------

68.66140144252566
[4, 7, 9]
---------------------------------------------

77.42678102278848
[4, 7, 8]
---------------------------------------------

68.70018573003115
[4, 6, 13]
---------------------------------------------

73.04330085403343
[4, 6, 12]
---------------------------------------------

135.90987911732643
[4, 6, 10]
---------------------------------------------

154.8589360999505
[4, 6, 9]
---------------------------------------------

176.2757983549888
[4, 6, 8]
---------------------------------------------

68.67138138830738
[4, 6, 7]
---------------------------------------------

78.98135599980824
[4, 5, 13]
---------------------------------------------

84.82902653320228
[4, 5, 12]
---------------------------------------------

155.4540010391211
[4, 5, 10]
---------------------------------------------

175.897773731147
[4, 5, 9]
---------------------------------------------

198.8455608710785
[4, 5, 8]
---------------------------------------------

78.94128090855645
[4, 5, 7]
---------------------------------------------

65.17015894258108
[3, 12, 13]
---------------------------------------------

80.33037403502524
[3, 10, 12]
---------------------------------------------

90.13920019541158
[3, 9, 12]
---------------------------------------------

101.61678587119769
[3, 8, 12]
---------------------------------------------

67.60898086540963
[3, 7, 13]
---------------------------------------------

77.12663736652311
[3, 7, 10]
---------------------------------------------

86.27905786200522
[3, 7, 9]
---------------------------------------------

97.09093408113961
[3, 7, 8]
---------------------------------------------

78.7921065754001
[3, 6, 13]
---------------------------------------------

94.45994420367687
[3, 6, 12]
---------------------------------------------

165.48765759995123
[3, 6, 10]
---------------------------------------------

186.87035914805963
[3, 6, 9]
---------------------------------------------

210.10109952316438
[3, 6, 8]
---------------------------------------------

86.29457392663201
[3, 6, 7]
---------------------------------------------

87.58277061883113
[3, 5, 13]
---------------------------------------------

108.65083161602763
[3, 5, 12]
---------------------------------------------

186.94919039211655
[3, 5, 10]
---------------------------------------------

209.2682344789959
[3, 5, 9]
---------------------------------------------

233.41018021054967
[3, 5, 8]
---------------------------------------------

98.93088668563273
[3, 5, 7]
---------------------------------------------

113.56437638762526
[2, 13, 14]
---------------------------------------------

136.02849440757367
[2, 12, 13]
---------------------------------------------

131.53646646479163
[2, 11, 13]
---------------------------------------------

129.9151518186001
[2, 10, 14]
---------------------------------------------

152.8446400437427
[2, 10, 13]
---------------------------------------------

160.1251374387089
[2, 10, 12]
---------------------------------------------

140.29761689256662
[2, 10, 11]
---------------------------------------------

140.5301689131963
[2, 9, 14]
---------------------------------------------

177.62325486576518
[2, 9, 13]
---------------------------------------------

174.3465138313146
[2, 9, 12]
---------------------------------------------

150.68950478593754
[2, 9, 11]
---------------------------------------------

152.81977897648454
[2, 8, 14]
---------------------------------------------

204.8092523747195
[2, 8, 13]
---------------------------------------------

190.31033411526403
[2, 8, 12]
---------------------------------------------

162.75168924554217
[2, 8, 11]
---------------------------------------------

162.09002792343173
[2, 7, 13]
---------------------------------------------

178.73116626303718
[2, 7, 10]
---------------------------------------------

193.02066599202993
[2, 7, 9]
---------------------------------------------

208.79355221054493
[2, 7, 8]
---------------------------------------------

207.94431090495837
[2, 6, 14]
---------------------------------------------

223.69048192715476
[2, 6, 13]
---------------------------------------------

180.47646347297092
[2, 6, 12]
---------------------------------------------

222.06654829830117
[2, 6, 11]
---------------------------------------------

193.05666884107802
[2, 6, 7]
---------------------------------------------

230.14667721627637
[2, 5, 14]
---------------------------------------------

258.3806443470716
[2, 5, 13]
---------------------------------------------

199.8405391059142
[2, 5, 12]
---------------------------------------------

244.2121984634387
[2, 5, 11]
---------------------------------------------

211.42127994854303
[2, 5, 7]
---------------------------------------------

72.06461974134506
[2, 4, 13]
---------------------------------------------

108.96750125515351
[2, 4, 10]
---------------------------------------------

120.7798325617693
[2, 4, 9]
---------------------------------------------

134.33170607524343
[2, 4, 8]
---------------------------------------------

163.53157173431708
[2, 4, 6]
---------------------------------------------

185.22932041306873
[2, 4, 5]
---------------------------------------------

76.35888395087562
[2, 3, 13]
---------------------------------------------

114.88378195987698
[2, 3, 10]
---------------------------------------------

127.41835112510107
[2, 3, 9]
---------------------------------------------

141.66375109202886
[2, 3, 8]
---------------------------------------------

157.71011756306214
[2, 3, 6]
---------------------------------------------

178.51973079352697
[2, 3, 5]
---------------------------------------------

151.24578853795876
[1, 13, 14]
---------------------------------------------

193.32848206105712
[1, 12, 13]
---------------------------------------------

172.25634303056322
[1, 11, 13]
---------------------------------------------

170.46087401733058
[1, 10, 14]
---------------------------------------------

196.6866450316022
[1, 10, 13]
---------------------------------------------

220.4253834975666
[1, 10, 12]
---------------------------------------------

182.4625054842251
[1, 10, 11]
---------------------------------------------

182.53208792623582
[1, 9, 14]
---------------------------------------------

223.41361110189675
[1, 9, 13]
---------------------------------------------

235.8100349847491
[1, 9, 12]
---------------------------------------------

194.3167377077032
[1, 9, 11]
---------------------------------------------

196.29925407434598
[1, 8, 14]
---------------------------------------------

251.93577450335803
[1, 8, 13]
---------------------------------------------

252.89299850150687
[1, 8, 12]
---------------------------------------------

207.8626711114501
[1, 8, 11]
---------------------------------------------

222.71080350978167
[1, 7, 13]
---------------------------------------------

240.60430747813191
[1, 7, 10]
---------------------------------------------

256.1956427163679
[1, 7, 9]
---------------------------------------------

273.474659123363
[1, 7, 8]
---------------------------------------------

268.6383861701041
[1, 6, 14]
---------------------------------------------

290.2147495100565
[1, 6, 13]
---------------------------------------------

242.4160185404227
[1, 6, 12]
---------------------------------------------

283.58392337074054
[1, 6, 11]
---------------------------------------------

256.239800818228
[1, 6, 7]
---------------------------------------------

292.88131538562953
[1, 5, 14]
---------------------------------------------

328.1654204808582
[1, 5, 13]
---------------------------------------------

263.1162154399452
[1, 5, 12]
---------------------------------------------

307.86197627614104
[1, 5, 11]
---------------------------------------------

276.31251032624255
[1, 5, 7]
---------------------------------------------

96.59825964894749
[1, 4, 13]
---------------------------------------------

142.71172674990862
[1, 4, 10]
---------------------------------------------

155.9661915375901
[1, 4, 9]
---------------------------------------------

170.93936545817218
[1, 4, 8]
---------------------------------------------

219.76955557160568
[1, 4, 6]
---------------------------------------------

244.0796826524789
[1, 4, 5]
---------------------------------------------

94.78936711141432
[1, 3, 13]
---------------------------------------------

145.54551329811432
[1, 3, 10]
---------------------------------------------

159.5063164007498
[1, 3, 9]
---------------------------------------------

175.19926875108717
[1, 3, 8]
---------------------------------------------

208.66076188890924
[1, 3, 6]
---------------------------------------------

233.04397442265707
[1, 3, 5]
---------------------------------------------

Minimum losses for current step: 50.7366705208137