69.30162637887112
[12, 13, 14]
---------------------------------------------

79.25783278996094
[11, 12, 13]
---------------------------------------------

72.85089579807078
[10, 12, 14]
---------------------------------------------

91.72358467480902
[10, 12, 13]
---------------------------------------------

81.02215693541422
[10, 11, 12]
---------------------------------------------

76.96184232946192
[9, 12, 14]
---------------------------------------------

106.76228828629293
[9, 12, 13]
---------------------------------------------

84.3364788894203
[9, 11, 12]
---------------------------------------------

82.65475553856781
[8, 12, 14]
---------------------------------------------

124.510214963504
[8, 12, 13]
---------------------------------------------

89.22081070388424
[8, 11, 12]
---------------------------------------------

77.10788596642266
[7, 13, 14]
---------------------------------------------

87.78598255834804
[7, 11, 13]
---------------------------------------------

79.37082276323294
[7, 10, 14]
---------------------------------------------

100.98589659875472
[7, 10, 13]
---------------------------------------------

88.91070257016628
[7, 10, 11]
---------------------------------------------

82.82859623716865
[7, 9, 14]
---------------------------------------------

116.80776298727854
[7, 9, 13]
---------------------------------------------

91.57830111177314
[7, 9, 11]
---------------------------------------------

87.85933340207903
[7, 8, 14]
---------------------------------------------

135.29709295172486
[7, 8, 13]
---------------------------------------------

95.80704714594106
[7, 8, 11]
---------------------------------------------

100.14897217019242
[6, 13, 14]
---------------------------------------------

79.13837329387098
[6, 12, 14]
---------------------------------------------

112.30387167690432
[6, 11, 13]
---------------------------------------------

86.17454542545661
[6, 11, 12]
---------------------------------------------

124.12696998104589
[6, 10, 14]
---------------------------------------------

127.0439212104316
[6, 10, 13]
---------------------------------------------

154.10064607654442
[6, 10, 12]
---------------------------------------------

124.54714957059166
[6, 10, 11]
---------------------------------------------

139.56036013810422
[6, 9, 14]
---------------------------------------------

144.3823791243034
[6, 9, 13]
---------------------------------------------

176.21648563082957
[6, 9, 12]
---------------------------------------------

139.09891556113823
[6, 9, 11]
---------------------------------------------

157.32524595004867
[6, 8, 14]
---------------------------------------------

164.44573819597682
[6, 8, 13]
---------------------------------------------

201.21191963857265
[6, 8, 12]
---------------------------------------------

155.95729747727145
[6, 8, 11]
---------------------------------------------

82.83293834512965
[6, 7, 14]
---------------------------------------------

91.58117677809543
[6, 7, 11]
---------------------------------------------

141.8841654858697
[6, 7, 10]
---------------------------------------------

162.35069001678036
[6, 7, 9]
---------------------------------------------

185.64285718630663
[6, 7, 8]
---------------------------------------------

115.45216583855363
[5, 13, 14]
---------------------------------------------

87.21333806796973
[5, 12, 14]
---------------------------------------------

128.36358479697034
[5, 11, 13]
---------------------------------------------

93.24238383317723
[5, 11, 12]
---------------------------------------------

142.4260511665218
[5, 10, 14]
---------------------------------------------

143.88719668082467
[5, 10, 13]
---------------------------------------------

183.2766802286051
[5, 10, 12]
---------------------------------------------

142.12459760983543
[5, 10, 11]
---------------------------------------------

159.34644321310685
[5, 9, 14]
---------------------------------------------

162.01430553204796
[5, 9, 13]
---------------------------------------------

207.83972494594647
[5, 9, 12]
---------------------------------------------

158.14470358385273
[5, 9, 11]
---------------------------------------------

178.66734046664473
[5, 8, 14]
---------------------------------------------

182.88509111082777
[5, 8, 13]
---------------------------------------------

233.98565419749252
[5, 8, 12]
---------------------------------------------

176.5404593151678
[5, 8, 11]
---------------------------------------------

89.25960003155726
[5, 7, 14]
---------------------------------------------

97.01766609622726
[5, 7, 11]
---------------------------------------------

168.53504933934403
[5, 7, 10]
---------------------------------------------

191.45891466196798
[5, 7, 9]
---------------------------------------------

217.25141241413797
[5, 7, 8]
---------------------------------------------

56.26818010220868
[4, 12, 13]
---------------------------------------------

68.97724257983904
[4, 10, 12]
---------------------------------------------

77.18487694114155
[4, 9, 12]
---------------------------------------------

87.03675538963735
[4, 8, 12]
---------------------------------------------

60.669089500038105
[4, 7, 13]
---------------------------------------------

68.77871410951668
[4, 7, 10]
---------------------------------------------

76.29947650217204
[4, 7, 9]
---------------------------------------------

85.45480792297715
[4, 7, 8]
---------------------------------------------

76.74411121965142
[4, 6, 13]
---------------------------------------------

81.11925068527897
[4, 6, 12]
---------------------------------------------

152.21686963536243
[4, 6, 10]
---------------------------------------------

172.34102197978402
[4, 6, 9]
---------------------------------------------

194.96159378214418
[4, 6, 8]
---------------------------------------------

76.31590627241142
[4, 6, 7]
---------------------------------------------

88.47877364792166
[4, 5, 13]
---------------------------------------------

94.37509559660876
[4, 5, 12]
---------------------------------------------

174.40439200801336
[4, 5, 10]
---------------------------------------------

196.14712755918563
[4, 5, 9]
---------------------------------------------

220.4258272795257
[4, 5, 8]
---------------------------------------------

87.8351555085259
[4, 5, 7]
---------------------------------------------

72.27294656266211
[3, 12, 13]
---------------------------------------------

89.84648639097615
[3, 10, 12]
---------------------------------------------

100.23517163845166
[3, 9, 12]
---------------------------------------------

112.33357364230086
[3, 8, 12]
---------------------------------------------

75.0461068408781
[3, 7, 13]
---------------------------------------------

86.26446515848754
[3, 7, 10]
---------------------------------------------

95.94805766799419
[3, 7, 9]
---------------------------------------------

107.29936022393531
[3, 7, 8]
---------------------------------------------

87.79196693865737
[3, 6, 13]
---------------------------------------------

105.11626943527808
[3, 6, 12]
---------------------------------------------

185.77907913613615
[3, 6, 10]
---------------------------------------------

207.8238151252335
[3, 6, 9]
---------------------------------------------

231.7208160994024
[3, 6, 8]
---------------------------------------------

95.97381186651847
[3, 6, 7]
---------------------------------------------

97.82140406912559
[3, 5, 13]
---------------------------------------------

121.17318171302783
[3, 5, 12]
---------------------------------------------

209.49076296883382
[3, 5, 10]
---------------------------------------------

232.51251630244312
[3, 5, 9]
---------------------------------------------

257.50583440061996
[3, 5, 8]
---------------------------------------------

110.20446098042027
[3, 5, 7]
---------------------------------------------

128.90458514127644
[2, 13, 14]
---------------------------------------------

152.29542011174135
[2, 12, 13]
---------------------------------------------

148.28725656637727
[2, 11, 13]
---------------------------------------------

146.5387477173879
[2, 10, 14]
---------------------------------------------

171.04695214155723
[2, 10, 13]
---------------------------------------------

180.45689286993345
[2, 10, 12]
---------------------------------------------

157.69616294819104
[2, 10, 11]
---------------------------------------------

157.80655224786491
[2, 9, 14]
---------------------------------------------

197.12218907436235
[2, 9, 13]
---------------------------------------------

195.49000818479018
[2, 9, 12]
---------------------------------------------

168.7437900288996
[2, 9, 11]
---------------------------------------------

170.75875299942538
[2, 8, 14]
---------------------------------------------

224.71233302956514
[2, 8, 13]
---------------------------------------------

211.91809936888404
[2, 8, 12]
---------------------------------------------

181.4715389741856
[2, 8, 11]
---------------------------------------------

181.76637576449048
[2, 7, 13]
---------------------------------------------

200.7160639268256
[2, 7, 10]
---------------------------------------------

215.60193378726808
[2, 7, 9]
---------------------------------------------

232.02567318292301
[2, 7, 8]
---------------------------------------------

232.22593817390154
[2, 6, 14]
---------------------------------------------

249.3233877673651
[2, 6, 13]
---------------------------------------------

202.32909332389528
[2, 6, 12]
---------------------------------------------

246.74495318078823
[2, 6, 11]
---------------------------------------------

215.66123814822635
[2, 6, 7]
---------------------------------------------

257.04166635388196
[2, 5, 14]
---------------------------------------------

288.03741720063647
[2, 5, 13]
---------------------------------------------

223.63385971767974
[2, 5, 12]
---------------------------------------------

271.6962776685496
[2, 5, 11]
---------------------------------------------

236.12495296867786
[2, 5, 7]
---------------------------------------------

80.57982216530321
[2, 4, 13]
---------------------------------------------

122.28304170875242
[2, 4, 10]
---------------------------------------------

134.86773198217014
[2, 4, 9]
---------------------------------------------

149.1263255993895
[2, 4, 8]
---------------------------------------------

183.3066781811536
[2, 4, 6]
---------------------------------------------

207.9655091690473
[2, 4, 5]
---------------------------------------------

85.018392725993
[2, 3, 13]
---------------------------------------------

128.91615640673078
[2, 3, 10]
---------------------------------------------

142.23492986898432
[2, 3, 9]
---------------------------------------------

157.2770539995252
[2, 3, 8]
---------------------------------------------

176.5730192724427
[2, 3, 6]
---------------------------------------------

200.2037049258359
[2, 3, 5]
---------------------------------------------

171.98193362378618
[1, 13, 14]
---------------------------------------------

215.7272512312013
[1, 12, 13]
---------------------------------------------

194.65927605613285
[1, 11, 13]
---------------------------------------------

192.70945098976702
[1, 10, 14]
---------------------------------------------

220.247862271229
[1, 10, 13]
---------------------------------------------

246.706073091926
[1, 10, 12]
---------------------------------------------

205.62900129396894
[1, 10, 11]
---------------------------------------------

205.55004378193877
[1, 9, 14]
---------------------------------------------

247.56672753123902
[1, 9, 13]
---------------------------------------------

262.9896323238039
[1, 9, 12]
---------------------------------------------

218.25627194246866
[1, 9, 11]
---------------------------------------------

220.09820734203257
[1, 8, 14]
---------------------------------------------

277.13830164474257
[1, 8, 13]
---------------------------------------------

280.83183188289416
[1, 8, 12]
---------------------------------------------

232.3357918056417
[1, 8, 11]
---------------------------------------------

248.12922947928269
[1, 7, 13]
---------------------------------------------

269.2345420356939
[1, 7, 10]
---------------------------------------------

285.52294354733425
[1, 7, 9]
---------------------------------------------

303.44576206082314
[1, 7, 8]
---------------------------------------------

299.17529050398593
[1, 6, 14]
---------------------------------------------

323.04909785196674
[1, 6, 13]
---------------------------------------------

270.46929250623987
[1, 6, 12]
---------------------------------------------

314.65685782204173
[1, 6, 11]
---------------------------------------------

285.59553137152903
[1, 6, 7]
---------------------------------------------

326.3853288485223
[1, 5, 14]
---------------------------------------------

365.3693980929624
[1, 5, 13]
---------------------------------------------

293.50220273733146
[1, 5, 12]
---------------------------------------------

341.94127092962395
[1, 5, 11]
---------------------------------------------

307.9294055776492
[1, 5, 7]
---------------------------------------------

108.54044545850186
[1, 4, 13]
---------------------------------------------

160.62023391218932
[1, 4, 10]
---------------------------------------------

174.71657047745973
[1, 4, 9]
---------------------------------------------

190.54484397017376
[1, 4, 8]
---------------------------------------------

245.91181377745698
[1, 4, 6]
---------------------------------------------

273.1034361368854
[1, 4, 5]
---------------------------------------------

106.00110678738594
[1, 3, 13]
---------------------------------------------

163.72294496554926
[1, 3, 10]
---------------------------------------------

178.5795023533685
[1, 3, 9]
---------------------------------------------

195.18252869638937
[1, 3, 8]
---------------------------------------------

234.46178612267843
[1, 3, 6]
---------------------------------------------

261.8685749047703
[1, 3, 5]
---------------------------------------------

Minimum losses for current step: 56.26818010220868