213.2005935594064
[12, 13, 14]
---------------------------------------------

251.40113498057926
[11, 12, 13]
---------------------------------------------

242.5263217713104
[10, 12, 14]
---------------------------------------------

341.9070114836146
[10, 12, 13]
---------------------------------------------

265.62053753203026
[10, 11, 12]
---------------------------------------------

310.0365347125558
[9, 12, 14]
---------------------------------------------

470.30351376102027
[9, 12, 13]
---------------------------------------------

314.1401106147455
[9, 11, 12]
---------------------------------------------

414.8274913885385
[8, 12, 14]
---------------------------------------------

634.5714668407196
[8, 12, 13]
---------------------------------------------

398.9381867454411
[8, 11, 12]
---------------------------------------------

232.65632515139052
[7, 13, 14]
---------------------------------------------

279.85407165844344
[7, 11, 13]
---------------------------------------------

245.768097809651
[7, 10, 14]
---------------------------------------------

376.2982039628524
[7, 10, 13]
---------------------------------------------

286.19915174734973
[7, 10, 11]
---------------------------------------------

304.5486076859242
[7, 9, 14]
---------------------------------------------

510.93778275135844
[7, 9, 13]
---------------------------------------------

326.41292159418504
[7, 9, 11]
---------------------------------------------

400.45991044914894
[7, 8, 14]
---------------------------------------------

680.5093361160035
[7, 8, 13]
---------------------------------------------

402.3213992570497
[7, 8, 11]
---------------------------------------------

321.97630935630133
[6, 13, 14]
---------------------------------------------

330.9311946199683
[6, 12, 14]
---------------------------------------------

387.10148393664736
[6, 11, 13]
---------------------------------------------

330.4268459695345
[6, 11, 12]
---------------------------------------------

501.44447335006555
[6, 10, 14]
---------------------------------------------

494.87004931435973
[6, 10, 13]
---------------------------------------------

620.9193818680487
[6, 10, 12]
---------------------------------------------

482.4840006923012
[6, 10, 11]
---------------------------------------------

642.2775106624375
[6, 9, 14]
---------------------------------------------

639.5606998528013
[6, 9, 13]
---------------------------------------------

791.7639186591125
[6, 9, 12]
---------------------------------------------

611.172734096178
[6, 9, 11]
---------------------------------------------

813.6464452712946
[6, 8, 14]
---------------------------------------------

817.4220624460021
[6, 8, 13]
---------------------------------------------

992.8875008689377
[6, 8, 12]
---------------------------------------------

772.0945782742447
[6, 8, 11]
---------------------------------------------

304.14386188105317
[6, 7, 14]
---------------------------------------------

326.1819271754459
[6, 7, 11]
---------------------------------------------

563.7028423253919
[6, 7, 10]
---------------------------------------------

727.2525211158542
[6, 7, 9]
---------------------------------------------

922.2312842541941
[6, 7, 8]
---------------------------------------------

393.05623534827924
[5, 13, 14]
---------------------------------------------

405.28856154158535
[5, 12, 14]
---------------------------------------------

463.8988502719881
[5, 11, 13]
---------------------------------------------

390.72413800639544
[5, 11, 12]
---------------------------------------------

592.8815146260807
[5, 10, 14]
---------------------------------------------

574.6914001471379
[5, 10, 13]
---------------------------------------------

746.7178601852025
[5, 10, 12]
---------------------------------------------

568.3278139900034
[5, 10, 11]
---------------------------------------------

743.1228268541736
[5, 9, 14]
---------------------------------------------

722.9422072803345
[5, 9, 13]
---------------------------------------------

929.4003967128874
[5, 9, 12]
---------------------------------------------

706.9696384031062
[5, 9, 11]
---------------------------------------------

923.0717716726631
[5, 8, 14]
---------------------------------------------

904.9113484087478
[5, 8, 13]
---------------------------------------------

1140.3358277730968
[5, 8, 12]
---------------------------------------------

877.1782055006638
[5, 8, 11]
---------------------------------------------

365.63702360688814
[5, 7, 14]
---------------------------------------------

374.16398456343774
[5, 7, 11]
---------------------------------------------

682.6335143381003
[5, 7, 10]
---------------------------------------------

859.1348127519473
[5, 7, 9]
---------------------------------------------

1063.8572615375908
[5, 7, 8]
---------------------------------------------

251.0030583304782
[4, 12, 13]
---------------------------------------------

302.8441222276857
[4, 10, 12]
---------------------------------------------

396.20433211895664
[4, 9, 12]
---------------------------------------------

514.7987762497951
[4, 8, 12]
---------------------------------------------

259.0029847116292
[4, 7, 13]
---------------------------------------------

282.31234451375036
[4, 7, 10]
---------------------------------------------

368.6820268111739
[4, 7, 9]
---------------------------------------------

482.9418656423518
[4, 7, 8]
---------------------------------------------

324.05196997889533
[4, 6, 13]
---------------------------------------------

421.2137147320107
[4, 6, 12]
---------------------------------------------

580.1011790044648
[4, 6, 10]
---------------------------------------------

733.9977712685832
[4, 6, 9]
---------------------------------------------

917.5360140397893
[4, 6, 8]
---------------------------------------------

367.9477824413343
[4, 6, 7]
---------------------------------------------

382.15501805407456
[4, 5, 13]
---------------------------------------------

503.66871910784243
[4, 5, 12]
---------------------------------------------

677.1111368566158
[4, 5, 10]
---------------------------------------------

840.4517486178344
[4, 5, 9]
---------------------------------------------

1031.7768001803736
[4, 5, 8]
---------------------------------------------

444.4895018838674
[4, 5, 7]
---------------------------------------------

309.49802811088193
[3, 12, 13]
---------------------------------------------

369.5643541301265
[3, 10, 12]
---------------------------------------------

469.1358081148805
[3, 9, 12]
---------------------------------------------

594.5737361344452
[3, 8, 12]
---------------------------------------------

312.11290231093795
[3, 7, 13]
---------------------------------------------

339.85634026983973
[3, 7, 10]
---------------------------------------------

433.4781339645143
[3, 7, 9]
---------------------------------------------

552.8696222909176
[3, 7, 8]
---------------------------------------------

365.73234781918524
[3, 6, 13]
---------------------------------------------

494.956109344089
[3, 6, 12]
---------------------------------------------

642.2351171898537
[3, 6, 10]
---------------------------------------------

801.0953246023266
[3, 6, 9]
---------------------------------------------

988.6575417938777
[3, 6, 8]
---------------------------------------------

432.86422539900394
[3, 6, 7]
---------------------------------------------

417.7314843725111
[3, 5, 13]
---------------------------------------------

582.4899766468995
[3, 5, 12]
---------------------------------------------

741.2006507114423
[3, 5, 10]
---------------------------------------------

909.0588431220174
[3, 5, 9]
---------------------------------------------

1104.556037348458
[3, 5, 8]
---------------------------------------------

512.8421269770407
[3, 5, 7]
---------------------------------------------

367.5327760200455
[2, 13, 14]
---------------------------------------------

481.64728764905146
[2, 12, 13]
---------------------------------------------

464.3377194951683
[2, 11, 13]
---------------------------------------------

478.15709313155224
[2, 10, 14]
---------------------------------------------

608.0023539217495
[2, 10, 13]
---------------------------------------------

554.8543490196478
[2, 10, 12]
---------------------------------------------

527.4255831288572
[2, 10, 11]
---------------------------------------------

579.8957910168639
[2, 9, 14]
---------------------------------------------

791.8856987985525
[2, 9, 13]
---------------------------------------------

668.2586123655184
[2, 9, 12]
---------------------------------------------

623.5639077353919
[2, 9, 11]
---------------------------------------------

707.5995923860183
[2, 8, 14]
---------------------------------------------

1009.5861583307578
[2, 8, 13]
---------------------------------------------

808.4739572537794
[2, 8, 12]
---------------------------------------------

745.5771386492476
[2, 8, 11]
---------------------------------------------

579.7453064713285
[2, 7, 13]
---------------------------------------------

615.7471485253453
[2, 7, 10]
---------------------------------------------

729.5057258133588
[2, 7, 9]
---------------------------------------------

869.784398243346
[2, 7, 8]
---------------------------------------------

736.1795557716947
[2, 6, 14]
---------------------------------------------

832.4356125176774
[2, 6, 13]
---------------------------------------------

697.0076573408198
[2, 6, 12]
---------------------------------------------

808.232290353745
[2, 6, 11]
---------------------------------------------

729.9921076447579
[2, 6, 7]
---------------------------------------------

842.1187437847885
[2, 5, 14]
---------------------------------------------

983.3587315803965
[2, 5, 13]
---------------------------------------------

794.6156274192009
[2, 5, 12]
---------------------------------------------

914.4702754140638
[2, 5, 11]
---------------------------------------------

824.5777536703869
[2, 5, 7]
---------------------------------------------

324.0519865591727
[2, 4, 13]
---------------------------------------------

462.53126768229913
[2, 4, 10]
---------------------------------------------

570.3760084302444
[2, 4, 9]
---------------------------------------------

704.2939817939559
[2, 4, 8]
---------------------------------------------

679.4147091317293
[2, 4, 6]
---------------------------------------------

783.4055212091507
[2, 4, 5]
---------------------------------------------

351.9370186583166
[2, 3, 13]
---------------------------------------------

476.9135880863467
[2, 3, 10]
---------------------------------------------

588.3560157919247
[2, 3, 9]
---------------------------------------------

724.8121799584002
[2, 3, 8]
---------------------------------------------

671.3315625253198
[2, 3, 6]
---------------------------------------------

773.6527445827563
[2, 3, 5]
---------------------------------------------

444.79080334533825
[1, 13, 14]
---------------------------------------------

593.0969139979059
[1, 12, 13]
---------------------------------------------

551.7472106610894
[1, 11, 13]
---------------------------------------------

567.1846631738276
[1, 10, 14]
---------------------------------------------

703.9813243427936
[1, 10, 13]
---------------------------------------------

672.3489590545399
[1, 10, 12]
---------------------------------------------

620.5092334175451
[1, 10, 11]
---------------------------------------------

672.6119842248711
[1, 9, 14]
---------------------------------------------

896.1288214692456
[1, 9, 13]
---------------------------------------------

792.8772454168305
[1, 9, 12]
---------------------------------------------

720.9133010278806
[1, 9, 11]
---------------------------------------------

805.0265648476775
[1, 8, 14]
---------------------------------------------

1120.5099821025358
[1, 8, 13]
---------------------------------------------

938.7650005254842
[1, 8, 12]
---------------------------------------------

847.6487132510907
[1, 8, 11]
---------------------------------------------

701.7687134582719
[1, 7, 13]
---------------------------------------------

740.1007635268718
[1, 7, 10]
---------------------------------------------

860.4980559050928
[1, 7, 9]
---------------------------------------------

1006.682596783033
[1, 7, 8]
---------------------------------------------

862.2400782132935
[1, 6, 14]
---------------------------------------------

972.7900648437253
[1, 6, 13]
---------------------------------------------

822.8211138335154
[1, 6, 12]
---------------------------------------------

938.8575024237696
[1, 6, 11]
---------------------------------------------

861.410670315165
[1, 6, 7]
---------------------------------------------

973.9757270778425
[1, 5, 14]
---------------------------------------------

1131.1945446783081
[1, 5, 13]
---------------------------------------------

924.7120342204281
[1, 5, 12]
---------------------------------------------

1050.6594172930115
[1, 5, 11]
---------------------------------------------

960.2343087823988
[1, 5, 7]
---------------------------------------------

382.15503604668726
[1, 4, 13]
---------------------------------------------

542.832480444228
[1, 4, 10]
---------------------------------------------

655.0089048176769
[1, 4, 9]
---------------------------------------------

793.7009977296209
[1, 4, 8]
---------------------------------------------

796.9498038875917
[1, 4, 6]
---------------------------------------------

907.0539364791986
[1, 4, 5]
---------------------------------------------

397.8288383097561
[1, 3, 13]
---------------------------------------------

553.4588876290794
[1, 3, 10]
---------------------------------------------

668.3962338094478
[1, 3, 9]
---------------------------------------------

809.5612323607719
[1, 3, 8]
---------------------------------------------

783.5571929798227
[1, 3, 6]
---------------------------------------------

892.2399182267606
[1, 3, 5]
---------------------------------------------

Minimum losses for current step: 213.2005935594064